1:12={19_3:1#true-m9-s4-a19#true-m18-s24-a23#true-m53-s9-a9-p#false-m65-s14-a10^#false-m8-ytrue-sfalse-p21#false-m52-ytrue-sfalse-p20#true-m63-ytrue-sfalse-p23}={26,27,5,4,32,7,19,24,23,9,25#61:25>>10#62:5>>13#77:7>>29}={1,4,18,20,38,5,39,21,9,14,31#46:5>>6#46:9>>10#61:20>>44}
4:8={23_1:0#true-m84-s27-a28^#false-m26-ytrue-sfalse-p4#true-m66-ytrue-sfalse-p28#false-m78-ytrue-sfalse-p35#false-m81-ytrue-sfalse-p8}={1,21,15,18,10,32,6,22,17,28,19#64:18>>27#67:19>>29#74:32>>8}={1,5,4,23,26,13,22,6,35,7,10#67:7>>44#75:22>>8#87:35>>9}
6:17={17_2:0#true-m46-s11-a19#true-m62-s11-a4^#true-m74-ytrue-sfalse-p23#true-m78-ytrue-sfalse-p24#false-m84-ytrue-sfalse-p7}={22,15,21,4,23,6,7,3,19,8,11#68:7>>5#76:8>>24#88:6>>25}={16,29,35,21,25,20,23,19,11,7,9#63:29>>3#68:25>>28#76:19>>14}
14:13={16_1:0#true-m8-s27-a12^#false-m20-ytrue-sfalse-p31#false-m28-ytrue-sfalse-p11#true-m37-ytrue-sfalse-p4#true-m49-ytrue-sfalse-p9#false-m72-ytrue-sfalse-p36#true-m80-ytrue-sfalse-p20#true-m90+3-ytrue-sfalse-p2}={1,2,28,9,4,20,17,27,12,11,7#15:27>>14#62:17>>15#87:7>>19}={35,32,6,36,31,10,30,11,19,17,27#67:11>>21#77:17>>26}
15:18={3_0:1#false-m73-s14-a22^#false-m11-ytrue-sfalse-p4#false-m21-ytrue-sfalse-p11#false-m29-ytrue-sfalse-p27#true-m41-ytrue-sfalse-p20#false-m45-ytrue-sfalse-p22#true-m76-ytrue-sfalse-p6#false-m87-ytrue-sfalse-p6#true-m87-ytrue-sfalse-p16}={1,16,18,4,2,32,20,6,10,14,9#66:14>>8#66:10>>7#81:2>>19}={1,31,5,19,4,22,11,27,24,14,26#74:24>>6#86:14>>35#90+3:27>>8}
16:3={9_0:3#false-m22-s22-a10#false-m27-s5-a27#false-m60-s17-a22}={1,31,17,3,6,16,4,11,13,33,32#42:16>>9#59:6>>23#69:11>>27}={38,5,26,25,2,27,10,22,8,17,20#61:10>>19#78:2>>30#86:22>>23}
10:2={24_2:0#true-m44-s10-a9#true-m73-s11-a25^#false-m34-ytrue-sfalse-p23#false-m46-ytrue-sfalse-p8#true-m86-ytrue-sfalse-p2#true-m90+5-ytrue-sfalse-p10}={1,20,29,5,24,10,18,8,25,11,9#63:9>>16#79:25>>2#89:11>>7}={32,23,16,4,5,13,8,27,9,7,11#46:23>>10#76:9>>17#76:27>>29}
7:11={8_0:0^#false-m49-ytrue-sfalse-p3#true-m54-ytrue-sfalse-p3#false-m79-ytrue-sfalse-p5}={1,30,20,3,15,8,27,23,19,34,7#58:34>>18#78:7>>13}={1,19,22,3,15,6,5,11,20,40,9#67:40>>17#83:3>>24#88:11>>31}
9:5={1_1:0#true-m49-s30-a16^#true-m23-ytrue-sfalse-p8#false-m55-ytrue-sfalse-p3#false-m72-ytrue-sfalse-p4#true-m90+1-ytrue-sfalse-p1#true-m90+3-ytrue-sfalse-p13}={1,30,28,4,17,6,16,8,10,11,13#81:10>>7#84:16>>23#88:11>>26}={1,14,3,24,34,4,21,8,33,7,15#45+3:34>>23#59:7>>19#75:21>>11}
5:14={3_1:3#false-m28-s11-a#false-m34-s7-a15#true-m90+7-s4-a15#false-m90+10-s8-a20^#false-m3-ytrue-sfalse-p5#true-m10-ytrue-sfalse-p4#false-m59-ytrue-strue-p5#false-m70-ytrue-sfalse-p2#true-m88-ytrue-sfalse-p14#false-m90+9-ytrue-sfalse-p9}={1,14,3,23,24,4,21,33,7,15,13#25:7>>17#46:21>>19#72:33>>8}={1,2,5,9,4,20,14,17,12,11,7#29:14>>15#62:15>>28#90+4:17>>8}
8:1={5_0:2#false-m72-s9-a29#false-m75-s9-a^#true-m32-ytrue-sfalse-p35#false-m60-ytrue-sfalse-p23}={1,5,4,23,26,13,22,6,35,8,10#76:35>>44#76:8>>7#84:22>>24}={1,27,5,4,6,32,7,10,24,23,9#64:10>>29#73:7>>25#85:23>>19}
11:16={4_0:1#false-m22-s11-a23^#true-m36-ytrue-sfalse-p22#true-m43-ytrue-sfalse-p5#false-m66-ytrue-sfalse-p6#true-m67-ytrue-sfalse-p31}={1,19,22,3,15,17,6,5,11,20,9#65:5>>31#72:6>>24#78:15>>33}={1,31,29,3,27,4,11,13,23,9,33#52:9>>6#72:11>>10#78:31>>17}
12:4={13_2:2#true-m32-s18-a10-p#false-m47-s27-a14#true-m49-s38-a14#false-m70-s19-a10^#false-m18-ytrue-sfalse-p22#true-m28-ytrue-sfalse-p38#false-m31-ytrue-sfalse-p4#true-m89-ytrue-sfalse-p18}={1,4,18,20,38,5,10,39,21,14,31#71:10>>9#77:31>>11#77:14>>2}={1,4,21,15,18,7,22,17,27,19,14#46:7>>10#57:17>>3#71:18>>11}
13:9={17_2:2#true-m1-s27-a11#false-m7-s8-a13#false-m30-s17-a7#true-m89-s21-a7^#true-m18-ytrue-sfalse-p10#false-m37-ytrue-sfalse-p8#false-m42-ytrue-sfalse-p4#true-m45-ytrue-sfalse-p6}={35,32,6,36,31,10,30,11,19,17,27#76:19>>8#76:11>>21#76:17>>7}={1,30,28,4,17,7,6,8,10,11,13#63:8>>22#65:7>>23#80:11>>19}
17:15={2_1:0#true-m53-s28-a3^#true-m13-ytrue-sfalse-p20#true-m38-ytrue-sfalse-p23#false-m43-ytrue-sfalse-p7}={16,3,28,5,35,21,20,23,19,7,9#63:7>>11#72:19>>31#84:3>>25}={1,16,18,4,2,20,6,10,8,7,9#66:8>>14#71:10>>19#81:20>>32}
3:6={7_2:0#true-m15-s17-a8#true-m57-s8-a20^#true-m30-ytrue-sfalse-p25#false-m66-ytrue-sfalse-p21}={38,5,26,25,2,27,10,22,8,17,20#40:25>>36#63:10>>23#80:20>>19}={22,15,21,4,5,23,6,3,19,8,11#58:19>>7#58:8>>24}
2:7={6_4:1#false-m23-s7-a13#true-m48-s11-a10#true-m55-s4-a29#true-m71-s11-a29#true-m80-s17-a23^#true-m59-ytrue-sfalse-p4#false-m60-ytrue-sfalse-p27#true-m73-ytrue-sfalse-p31#false-m81-ytrue-strue-p27}={32,23,16,4,5,31,8,29,10,7,11#78:29>>17#82:31>>27#85:11>>24}={1,30,20,3,15,8,27,23,19,7,13#52:7>>11#70:19>>18#70:13>>38}
18:10={10_1:0#true-m67-s9-a6^#false-m10-ytrue-sfalse-p9#false-m18-ytrue-sfalse-p8#true-m81-ytrue-sfalse-p14}={1,31,5,4,22,20,6,11,27,24,14#62:24>>9#73:11>>26#81:14>>10}={1,20,29,5,24,10,18,8,25,11,9#46:9>>19#73:25>>7#83:18>>16}
14:2={1_0:2#false-m67-s8-a7#false-m75-s11-a44^#false-m60-ytrue-sfalse-p8#true-m87-ytrue-sfalse-p12}={1,2,28,9,4,20,8,17,12,11,7#37:17>>15#71:4>>24#74:20>>19}={32,3,23,4,5,17,31,8,29,7,11#59:3>>16#69:17>>44#78:29>>9}
7:3={4_0:0^#true-m29-yfalse-sfalse-p16}={1,30,17,3,4,6,16,22,19,34,13#43:22>>8#65:34>>7#89:13>>15}={38,5,26,29,25,27,10,22,8,17,20#18:5>>36#31:29>>2#79:10>>9}
9:11={12_0:1#false-m13-s17-a9^#false-m61-ytrue-sfalse-p5#true-m84-ytrue-sfalse-p4#true-m87-ytrue-sfalse-p10#true-m89-ytrue-sfalse-p20#false-m90+6-ytrue-sfalse-p19}={1,30,28,4,17,7,6,8,10,11,13#59:8>>23#67:7>>26#84:17>>20}={1,19,22,3,13,15,17,6,5,11,9#51:17>>4#78:5>>23#80:15>>33}
13:5={19_3:0#true-m21-s27-a31#true-m33-s27-a7-p#true-m90+4-s27-a21}={35,6,36,31,4,10,30,11,7,8,27#66:11>>21#71:8>>14#89:7>>26}={1,14,3,24,4,21,6,33,15,13,11#46:4>>22#73:24>>19}
15:12={15_3:1#false-m22-s21-a18#true-m45-s9-a18#true-m57-s4-a8#true-m71-s23-a8^#false-m30-ytrue-sfalse-p21#false-m53-ytrue-sfalse-p4#true-m60-ytrue-sfalse-p23#true-m87-ytrue-sfalse-p16}={1,3,16,18,4,2,32,20,6,8,9#46:6>>23#84:32>>21#89:9>>7}={1,4,18,20,38,5,10,39,21,14,31#56:10>>29#64:31>>17#84:21>>11}
16:18={24_1:1#true-m52-s11-a#false-m75-s14-a9^#false-m48-ytrue-sfalse-p4}={1,31,17,2,27,4,11,13,23,33,14#41:33>>9#81:11>>10}={1,31,5,4,22,20,6,11,8,14,9#64:8>>13#64:11>>26#77:9>>24}
4:1={16_2:0#true-m27-s19-a27#true-m51-s19-a17^#true-m30-ytrue-sfalse-p21#true-m64-ytrue-sfalse-p17#true-m65-ytrue-sfalse-p3#false-m90+5-ytrue-sfalse-p5}={1,4,21,3,18,10,32,6,17,27,19#63:32>>8#69:17>>16#75:19>>30}={1,5,8,13,6,29,32,19,24,9,25#57:19>>10#78:25>>11#78:13>>7}
6:8={18_1:1#true-m38-s11-a6#false-m59-s6-a^#true-m36-ytrue-sfalse-p3}={22,15,21,4,5,23,6,7,3,19,11#66:7>>8#71:6>>14}={1,5,4,23,26,13,22,6,35,7,10#82:7>>44#86:22>>29#90+1:35>>8}
10:17={22_3:1#true-m4-s10-a25-p#false-m40-s19-a7#true-m47-s29-a24#true-m48-s19-a25^#false-m63-ytrue-sfalse-p14#true-m82-ytrue-sfalse-p2}={1,20,29,5,24,10,8,25,11,7,17#46:7>>19#46:10>>18#76:25>>2}={16,3,5,32,35,21,20,23,19,7,9#59:19>>14#62:23>>6#72:32>>11}
18:14={9_2:0#true-m50-s14-a24#true-m82-s13-a11^#true-m38-ytrue-sfalse-p31}={1,31,5,4,22,20,6,27,24,14,26#14:5>>13#78:26>>11#84:14>>19}={1,2,28,9,6,20,8,12,11,18,19#60:18>>23#73:20>>26#86:6>>24}
1:15={17_4:0#true-m11-s25-a32#true-m23-s10-a32#true-m50-s9-a25#true-m77-s9-a32^#false-m36-ytrue-sfalse-p16#true-m42-ytrue-sfalse-p13#false-m55-ytrue-sfalse-p4#true-m56-ytrue-sfalse-p17}={1,17,5,13,6,29,32,10,23,9,25#62:17>>4#62:10>>7#72:23>>19}={1,3,16,18,4,2,32,20,8,7,23#46:32>>6#65:18>>25#76:4>>9}
8:10={2_1:2#true-m20-s26-a5#false-m22-s13-a20-og#false-m83-s8-a18^#false-m16-ytrue-sfalse-p20#false-m45-ytrue-sfalse-p17#true-m68-ytrue-sfalse-p23#true-m90-ytrue-sfalse-p15}={1,5,4,23,26,13,22,6,35,7,10#19:10>>29#84:23>>15}={1,20,29,5,24,18,8,25,11,17,19#46:17>>10#61:11>>9#80:25>>36}
11:13={6_1:2#false-m21-s31-a#false-m77-s30-a31#true-m79-s8-a6^#true-m45-ytrue-sfalse-p6#false-m68-ytrue-sfalse-p8#false-m82-ytrue-sfalse-p4#false-m90+1-ytrue-sfalse-p35#true-m90+1-ytrue-sfalse-p3}={1,19,22,3,13,15,17,6,11,20,9#46:13>>4#67:11>>8#78:15>>33}={35,6,36,31,4,10,7,8,19,17,27#68:17>>30#80:31>>3#89:27>>21}
17:16={23_1:0#true-m42-s19-a^#false-m26-ytrue-sfalse-p1#false-m45+1-ytrue-sfalse-p2#true-m66-ytrue-sfalse-p6#false-m90+2-ytrue-sfalse-p3#true-m90+8-ytrue-sfalse-p32}={16,3,5,32,35,21,6,20,19,14,9#67:14>>7#72:9>>11#77:19>>23}={1,31,17,2,27,4,11,13,23,9,14#46:2>>3#66:9>>7#79:11>>10}
2:9={7_2:2#true-m17-s11-a3#false-m25-s10-a23-p#true-m31-s29-a8#false-m61-s13-a8^#false-m67-ytrue-sfalse-p13#true-m83-yfalse-sfalse-p8#true-m90+1-ytrue-sfalse-p11}={32,3,16,5,13,44,8,27,29,10,11#58:29>>31#76:44>>17#85:10>>9}={1,30,28,4,17,23,6,8,10,11,13#46:23>>7}
4:6={15_1:1#true-m6-s14-a27#false-m55-s7-a21^#true-m21-ytrue-sfalse-p17#false-m72-ytrue-sfalse-p10#true-m81-ytrue-sfalse-p21#false-m90+1-ytrue-sfalse-p21}={1,21,3,18,10,32,6,22,17,27,14#61:14>>19#74:3>>31#82:17>>16}={22,15,28,2,21,4,23,10,7,3,11#78:10>>14#82:23>>24#88:7>>19}
12:7={11_4:0#true-m21-s31-a20#true-m29-s20-a#true-m34-s31-a8#true-m86-s10-a20^#false-m70-ytrue-sfalse-p4#false-m87-ytrue-sfalse-p27}={1,3,18,20,38,8,5,10,29,21,31#63:8>>39#71:38>>14#79:21>>15}={1,30,17,3,4,6,27,19,34,7,13#28:6>>8#46:34>>14#69:13>>32}
3:5={10_5:0#true-m2-s20-a9#true-m45+1-s25-a#true-m59-s17-a-p#true-m60-s17-a26#true-m69-s20-a19^#false-m39-ytrue-sfalse-p33#false-m59-ytrue-sfalse-p24#false-m63-ytrue-sfalse-p15}={38,26,25,36,2,27,19,8,17,20,9#66:9>>22#66:8>>33#85:17>>14}={1,3,23,24,22,21,6,33,7,15,13#56:21>>11#64:6>>8#64:13>>4}
9:17={20_2:0#true-m57-s11-a30#true-m74-s11-a10-p^#false-m72-ytrue-sfalse-p9}={21,30,28,4,17,7,6,8,10,11,13#46:6>>27#70:7>>19#90:11>>26}={16,3,5,32,35,21,6,23,11,14,9#62:11>>7#75:3>>29#78:23>>24}
10:1={7_0:3#false-m25-s9-a-p#false-m29-s11-a24#false-m75-s23-a11^#true-m64-ytrue-sfalse-p36#false-m87-ytrue-sfalse-p6}={1,20,29,5,24,10,18,8,25,2,19#46:25>>11#57:2>>36#78:19>>9}={26,8,13,4,29,11,32,19,24,9,25#65:9>>6#69:24>>23#77:8>>5}
13:2={16_1:0#true-m4-s11-a27^#true-m50-ytrue-sfalse-p14#false-m52-ytrue-sfalse-p7#false-m77-ytrue-sfalse-p44#true-m78-ytrue-sfalse-p10}={35,6,36,31,4,10,30,11,8,14,27#46:11>>19#63:14>>7#89:27>>21}={28,33,23,4,20,17,31,44,9,7,11#46:33>>13#60:9>>10#81:20>>24}
16:8={3_1:1#true-m28-s14-a7#false-m56-s22-a6^#false-m43-ytrue-sfalse-p8#false-m50-ytrue-sfalse-p7#true-m61-ytrue-sfalse-p4}={1,31,17,3,27,4,11,13,10,7,14#70:4>>23#78:7>>9#88:11>>2}={1,5,4,3,23,13,22,6,35,8,7#46:8>>44#46:35>>29#90:22>>15}
5:11={14_0:1#false-m22-s9-a11-p^#true-m30-ytrue-sfalse-p33#true-m37-ytrue-sfalse-p34#false-m90+2-ytrue-sfalse-p33}={1,3,5,34,4,21,6,33,15,13,11#46:11>>7#60:4>>24#60:6>>8}={1,19,22,3,33,17,5,11,20,9,4#68:4>>6#74:17>>27#90+1:11>>23}
6:12={1_2:1#true-m16-s11-a19#true-m24-s8-a19#false-m84-s10-a3^#false-m44-ytrue-sfalse-p31#false-m55-ytrue-sfalse-p3#true-m89-ytrue-sfalse-p22}={22,21,4,5,23,6,10,3,19,8,11#68:10>>28#68:19>>7#87:8>>24}={1,3,18,20,38,8,5,10,29,21,31#46:38>>14#46:18>>4#69:8>>9}
7:18={19_1:1#false-m65-s14-a24#true-m83-s18-a27^#false-m56-ytrue-sfalse-p27#false-m60-ytrue-sfalse-p22#false-m68-ytrue-sfalse-p11#false-m79-ytrue-sfalse-p20#true-m90+1-ytrue-sfalse-p14#true-m90+3-ytrue-sfalse-p15}={1,30,3,4,15,8,27,23,19,7,13#74:8>>18#74:19>>14#87:13>>38}={1,31,19,4,22,20,6,11,27,24,14#46:19>>13#62:27>>8#84:24>>26}
14:3={24_0:3#false-m24-s23-a36#false-m63-s17-a9#false-m79-s22-a19^#true-m20-ytrue-sfalse-p9#true-m31-ytrue-sfalse-p24#true-m76-ytrue-sfalse-p8}={1,2,28,5,9,24,8,23,12,11,7#48:24>>6#70:23>>15#84:7>>16}={38,26,25,36,2,27,23,22,8,17,9#66:23>>19#67:9>>20#84:2>>34}
15:4={8_2:3#true-m5-s6-a#true-m16-s9-a8#false-m23-s18-a8#false-m45+1-s14-a7#false-m90+2-s19-a22^#false-m22-ytrue-sfalse-p22#true-m25-ytrue-sfalse-p6#false-m59-ytrue-sfalse-p10#false-m84-ytrue-sfalse-p32#true-m84-ytrue-sfalse-p32#true-m85-ytrue-sfalse-p17}={1,3,16,18,2,25,6,8,23,14,9#67:14>>17#81:8>>32#90+3:3>>10}={1,21,18,6,31,8,7,16,22,19,14#46:31>>10#55:8>>27#76:18>>32}
1:16={6_2:2#true-m33-s9-a9-p#true-m42-s10-a13#false-m56-s27-a#false-m83-s11-a3^#true-m13-ytrue-sfalse-p23#false-m18-ytrue-sfalse-p29#false-m25-ytrue-sfalse-p2}={26,17,5,13,32,7,10,19,23,9,25#63:23>>24#85:10>>11#86:7>>29}={1,35,29,17,3,2,27,4,23,10,14#46:2>>16#73:4>>11#85:14>>6}
2:11={2_2:1#true-m28-s29-a11#true-m67-s11-a#false-m77-s4-a27^#false-m62-ytrue-sfalse-p17#true-m62-ytrue-sfalse-p5#false-m90+1-ytrue-sfalse-p4}={32,23,16,4,5,31,13,29,10,7,11#73:29>>9#83:16>>3#90+3:11>>24}={1,19,22,3,15,6,5,20,40,9,27#27:5>>17#56:40>>4#62:9>>8}
4:10={17_2:0#true-m13-s32-a17#true-m90+3-s7-a19^#false-m16-ytrue-sfalse-p7#true-m58-ytrue-sfalse-p21#true-m82-ytrue-sfalse-p3#false-m85-ytrue-sfalse-p36#true-m85-ytrue-sfalse-p14}={1,21,3,18,32,29,6,22,17,27,19#29:18>>7#54:29>>14#73:17>>16}={1,20,29,5,18,25,11,2,7,17,9#55:9>>19#74:2>>8#78:7>>36}
8:7={9_0:0^#true-m19-ytrue-sfalse-p4#true-m19-ytrue-sfalse-p7#false-m40-ytrue-sfalse-p4}={1,5,4,23,18,13,44,22,6,7,29#67:44>>35#78:7>>15}={1,30,3,4,15,8,27,23,19,7,13#63:13>>14#70:7>>18#82:19>>38}
15:6={19_1:0#true-m54-s32-a9-p^#true-m11-ytrue-sfalse-p32#false-m19-ytrue-sfalse-p15#false-m53-ytrue-sfalse-p4#true-m53-ytrue-sfalse-p9#false-m89-yfalse-sfalse-p19#false-m90+2-ytrue-sfalse-p21#true-m90+3-ytrue-sfalse-p8}={1,16,18,4,2,25,32,20,6,10,9#59:10>>8#69:20>>23#87:9>>14}={22,15,28,21,4,23,10,3,19,8,11#60:3>>6#72:10>>14#72:11>>7}
17:13={13_0:0^#false-m40-ytrue-sfalse-p14#false-m41-ytrue-sfalse-p30#true-m66-ytrue-sfalse-p6}={16,3,28,5,32,35,21,6,7,14,9#65:7>>23#71:14>>33#84:32>>11}={35,6,36,31,4,30,7,20,8,19,27#30:19>>14#71:30>>11#87:27>>21}
3:9={8_6:1#true-m28-s20-a17#true-m38-s20-a15#true-m45-s17-a20#true-m49-s17-a#true-m62-s17-a19#false-m66-s13-a#true-m79-s33-a^#false-m58-ytrue-sfalse-p30}={38,26,25,15,36,19,10,22,33,17,20#64:22>>23#70:26>>2#83:25>>5}={21,30,28,4,17,19,6,8,10,11,13#61:11>>27#72:19>>7#75:6>>23}
18:5={16_0:0^#false-m30-ytrue-sfalse-p4#true-m39-ytrue-sfalse-p26#true-m53-ytrue-sfalse-p4#false-m62-ytrue-sfalse-p34#true-m87-ytrue-sfalse-p13#true-m90-ytrue-sfalse-p8}={1,31,4,22,20,6,27,13,24,14,26#78:24>>11#81:27>>8#89:13>>35}={1,3,24,5,34,4,21,33,20,15,13#76:13>>19#84:15>>6#88:21>>8}
12:14={12_3:0#true-m20-s31-a9#true-m23-s13-a9#true-m83-s31-a13^#false-m22-ytrue-sfalse-p12#false-m26-ytrue-sfalse-p9#true-m41-ytrue-sfalse-p18#true-m75-ytrue-sfalse-p20}={1,4,18,20,15,5,39,13,9,14,31#68:14>>10#84:20>>21#86:13>>17}={1,2,28,5,9,24,8,23,12,11,7#46:23>>18#46:12>>15#82:11>>43}
10:12={23_1:1#true-m34-s8-a#false-m61-s9-a8^#false-m68-ytrue-sfalse-p13#true-m74-ytrue-sfalse-p24#false-m77-ytrue-sfalse-p18#false-m79-ytrue-sfalse-p29#true-m86-ytrue-sfalse-p5}={1,20,29,5,24,18,8,25,11,2,36#54:36>>19#84:11>>9#90+1:2>>7}={1,3,4,18,20,38,8,5,10,13,31#46:38>>9#46:20>>29#82:10>>21}
9:18={6_2:1#true-m67-s28-a27#false-m71-s14-a27#true-m90+4-s10-a32-p^#false-m66-ytrue-sfalse-p27#true-m68-ytrue-sfalse-p17}={1,30,28,4,17,27,19,6,10,11,13#64:11>>26#78:19>>32#79:27>>8}={1,31,4,22,20,6,11,27,13,14,26#60:11>>10#71:6>>24#90:13>>19}
11:17={3_2:1#true-m42-s4-a21#false-m61-s9-a3#true-m90+4-s9-a^#false-m33-ytrue-sfalse-p6#true-m64-yfalse-sfalse-p3#true-m90+4-ytrue-sfalse-p9}={1,19,22,3,33,17,6,11,21,9,4#55:6>>23#62:21>>25#70:4>>15}={16,3,28,5,32,35,21,6,19,14,33#61:32>>7#61:6>>9#81:19>>22}
13:3={7_1:2#false-m4-s9-a#true-m11-s30-a31#false-m23-s23-a9^#true-m62-ytrue-sfalse-p30#false-m73-ytrue-sfalse-p15#true-m75-ytrue-sfalse-p7#true-m78-ytrue-sfalse-p19#true-m87-ytrue-sfalse-p4}={35,6,36,31,4,10,30,11,7,8,27#38:8>>19#67:11>>21#80:7>>26}={38,5,26,25,15,19,23,22,33,17,9#57:19>>27#64:9>>20#81:23>>36}
16:15={9_1:1#true-m55-s23-a11#false-m74-s9-a8^#true-m7-ytrue-sfalse-p23#true-m43-ytrue-sfalse-p10#false-m49-ytrue-sfalse-p16#false-m70-ytrue-sfalse-p8#false-m77-ytrue-sfalse-p2#false-m85-ytrue-sfalse-p6#true-m89-ytrue-sfalse-p7#true-m90+2-ytrue-strue-p7}={1,35,29,17,3,16,4,11,23,10,14#79:11>>7#80:23>>6#84:14>>18}={1,16,18,4,2,25,32,20,6,8,9#59:20>>10#68:32>>14#84:8>>21}
14:8={1_0:0^#false-m33-ytrue-sfalse-p4#true-m68-ytrue-sfalse-p9#false-m83-ytrue-sfalse-p23#false-m90+2-ytrue-sfalse-p30-b}={1,2,28,9,24,20,14,16,11,43,7#53:43>>8#74:20>>12#89:7>>40}={1,4,20,23,18,13,44,22,6,7,29#63:44>>35#63:7>>16#90:22>>15}
7:4={16_3:2#false-m14-s37-a14#true-m15-s7-a19#true-m18-s4-a27#true-m87-s15-a18#false-m90+1-s23-a30-og^#false-m28-ytrue-sfalse-p14#true-m28-ytrue-sfalse-p15#false-m33-ytrue-sfalse-p21#true-m68-ytrue-sfalse-p19#false-m82-ytrue-sfalse-p32}={1,30,3,4,15,8,27,23,19,7,13#52:13>>16#69:8>>18#84:7>>38}={1,21,3,32,6,7,22,17,37,27,14#42:37>>30#46:7>>11#65:17>>16}
6:1={13_2:2#false-m10-s5-a17#false-m49-s9-a24#true-m51-s10-a24#true-m56-s8-a4^#false-m52-ytrue-sfalse-p24#false-m72-ytrue-sfalse-p32}={22,21,4,5,23,6,10,24,3,8,11#75:10>>20#80:6>>28#87:24>>7}={26,27,17,5,8,32,7,10,24,9,25#59:10>>6#62:7>>29#79:17>>4}
5:2={24_1:2#false-m30-s16-a7#false-m80-s9-a7#true-m82-s13-a29^#false-m31-ytrue-sfalse-p6#false-m34-ytrue-sfalse-p31}={1,3,24,34,4,21,8,33,20,15,13#54:15>>39#68:4>>29#87:24>>6}={32,23,16,6,5,17,31,13,10,9,7#46:31>>27#46:6>>44#90+2:17>>3}
17:5={4_2:1#true-m38-s14-a9#false-m77-s3-a11#true-m90+4-s19-a32^#false-m33-ytrue-sfalse-p4#false-m63-ytrue-sfalse-p34#false-m75-ytrue-sfalse-p24#true-m85-ytrue-sfalse-p6#true-m90+4-ytrue-sfalse-p19}={16,3,28,5,35,21,6,23,7,14,9#18:35>>32#61:7>>19#80:14>>33}={1,3,24,34,4,21,8,33,20,13,11#46:20>>39#66:8>>19#72:34>>29}
1:7={22_5:0#true-m8-s23-a27-og#true-m42-s29-a10#true-m63-s6-a5#true-m75-s9-a25#true-m90+3-s32-a29}={26,27,17,5,8,6,29,32,10,9,25#70:8>>19#78:25>>24#82:17>>4}={1,30,3,4,15,8,27,14,23,19,7#66:14>>18#71:8>>16#76:7>>13}
4:13={8_2:2#true-m52-s21-a27#false-m75-s11-a31#true-m85-s19-a11#false-m89-s22-a6-og^#true-m63-ytrue-sfalse-p38}={1,21,38,18,10,32,22,17,27,19,14#59:10>>3#76:18>>11#84:17>>16}={35,38,6,36,31,4,10,30,7,19,27#62:27>>11#82:19>>14#87:38>>23}
6:10={2_0:2#false-m54-s8-a25-p#false-m78-s19-a29^#false-m30-ytrue-sfalse-p7#true-m40-ytrue-sfalse-p6#true-m44-yfalse-sfalse-p24#false-m66-ytrue-sfalse-p17}={22,2,21,4,5,23,6,10,24,3,8#46:10>>27#46:8>>11#65:23>>20}={1,20,29,24,18,8,25,7,17,19,9#67:25>>11#81:19>>16#87:7>>28}
15:14={3_3:2#true-m2-s10-a2#false-m9-s12-a#true-m51-s16-a4#true-m58-s6-a18#false-m90+2-s23-a-p^#false-m42-ytrue-sfalse-p5#true-m73-ytrue-sfalse-p4}={1,16,18,4,2,25,32,6,10,8,7#61:10>>23#68:7>>9#88:8>>19}={1,2,28,5,24,20,14,12,11,43,7#55:43>>17#66:12>>19#79:7>>23}
18:11={5_1:2#false-m10-s9-a27#true-m36-s20-a27#false-m90-s4-a9^#false-m17-ytrue-sfalse-p20#false-m26-ytrue-sfalse-p22#true-m45+1-ytrue-sfalse-p19#true-m78-ytrue-sfalse-p22#false-m80-ytrue-sfalse-p11#true-m86-ytrue-sfalse-p11}={1,31,19,4,22,20,6,27,24,14,26#61:24>>13#68:6>>11#85:14>>9}={1,19,22,23,33,17,11,20,9,4,27#46:33>>15#68:27>>28#90+2:4>>13}
3:2={1_2:3#true-m4-s17-a#false-m10-s7-a23#false-m25-s9-a17#false-m49-s29-a29-p#true-m64-s17-a17-p^#false-m15-ytrue-sfalse-p8#false-m31-ytrue-sfalse-p3#true-m47-yfalse-sfalse-p25#true-m48-ytrue-sfalse-p38#false-m54-ytrue-sfalse-p13#false-m56-ytrue-strue-p13#true-m73-ytrue-sfalse-p10#false-m83-ytrue-sfalse-p31}={38,25,15,36,2,27,10,8,17,20,9#46:15>>22#46:8>>33#51:20>>5}={32,3,23,5,17,13,44,8,29,9,7#46:8>>31#65:29>>27#86:7>>4}
12:16={10_2:2#true-m29-s8-a3#false-m44-s14-a3#true-m61-s13-a18#false-m69-s16-a11^#true-m38-ytrue-sfalse-p21#true-m41-ytrue-sfalse-p8#false-m79-ytrue-sfalse-p17#false-m90-ytrue-sfalse-p27}={1,3,4,18,8,5,10,21,13,9,31#70:8>>15#74:21>>29#84:10>>17}={1,29,17,3,27,16,4,13,23,10,14#65:23>>11#71:16>>9#84:14>>18}
8:9={15_0:2#false-m27-s13-a10#false-m34-s4-a17^#true-m65-ytrue-sfalse-p15}={1,5,4,18,26,13,44,22,6,16,29#46:44>>7#46:13>>15#80:5>>24}={1,30,28,4,17,19,6,8,10,11,13#74:19>>16#83:11>>27#89:10>>32}
10:15={18_2:0#true-m13-s8-a19#true-m74-s19-a^#true-m22-ytrue-sfalse-p29#true-m90+1-ytrue-sfalse-p23#true-m90+2-ytrue-sfalse-p18}={1,20,29,24,18,8,25,7,17,19,9#68:9>>11#84:19>>16#89:25>>23}={1,3,16,18,4,2,25,32,6,8,9#62:32>>14#70:2>>10#79:3>>19}
2:17={11_1:0#true-m23-s7-a11^#false-m89-ytrue-sfalse-p9}={32,3,16,6,4,31,8,10,9,7,11#61:11>>29#63:8>>44#73:10>>27}={16,3,28,5,32,2,21,6,23,11,9#10:3>>24#65:11>>19#75:32>>7}
9:12={5_1:5#true-m7-s19-a10#false-m48-s5-a29#false-m59-s9-a29#false-m61-s10-a29#false-m69-s31-a18#false-m81-s17-a10^#true-m41-ytrue-sfalse-p30#true-m50-ytrue-sfalse-p4#true-m65-ytrue-sfalse-p8}={1,30,28,4,17,27,19,8,10,11,13#65:19>>16#66:27>>23#84:13>>7}={1,3,4,18,15,8,5,29,13,9,31#46:13>>10#79:31>>17#84:9>>38}
11:3={9_2:2#false-m19-s8-a5#false-m57-s20-a10#true-m64-s9-a4-p#true-m68-s27-a11^#true-m41-ytrue-sfalse-p11#false-m45+1-ytrue-sfalse-p33#true-m57-ytrue-sfalse-p17#false-m63-ytrue-sfalse-p38#false-m90-ytrue-sfalse-p5}={1,19,22,23,15,17,11,20,9,4,27#37:22>>13#59:23>>31#76:27>>33}={38,5,4,15,27,10,22,8,33,17,20#58:27>>23#58:33>>2#84:20>>7}
13:18={17_1:2#true-m33-s11-a10#false-m76-s24-a4#false-m89-s24-a9^#true-m17-ytrue-sfalse-p8#false-m18-ytrue-sfalse-p9#false-m24-ytrue-sfalse-p26}={35,38,6,31,4,10,30,11,8,17,27#72:27>>19#72:17>>7#88:8>>14}={1,31,4,22,20,18,27,13,14,9,26#46:26>>6#64:18>>24#75:27>>10}
14:1={7_0:1#false-m52-s24-a25^#true-m39-yfalse-sfalse-p28#false-m45-ytrue-sfalse-p11#true-m73-ytrue-sfalse-p24#false-m76-ytrue-sfalse-p24}={1,2,28,5,9,24,6,4,14,11,7#62:14>>8#76:4>>43#76:11>>17}={26,27,5,13,4,29,11,10,24,23,9#46:11>>25#55:25>>6#90+3:29>>32}
5:8={12_0:0^#true-m17-ytrue-sfalse-p20#false-m25-ytrue-sfalse-p29#true-m52-ytrue-sfalse-p11#false-m52-ytrue-sfalse-p7#false-m58-ytrue-sfalse-p15#true-m60-ytrue-sfalse-p8}={1,3,5,16,34,21,8,20,19,13,11#66:11>>29#79:13>>24#85:8>>4}={1,5,23,18,26,22,6,35,16,7,29#46:22>>15#60:29>>24#82:7>>10}
7:6={23_1:1#true-m52-s19-a30-p#false-m81-s8-a27-p^#false-m13-ytrue-sfalse-p11#false-m15-ytrue-sfalse-p19#true-m15-ytrue-sfalse-p3#true-m33-ytrue-sfalse-p4#false-m43-ytrue-sfalse-p5#true-m57-ytrue-sfalse-p19#true-m62-ytrue-sfalse-p7}={1,30,3,4,15,8,27,23,19,7,13#74:19>>18#85:13>>38#85:3>>25}={22,28,21,4,5,23,10,3,19,8,11#46:19>>27#57:10>>20#74:28>>26}
16:4={24_1:1#false-m73-s10-a21-p#true-m90+1-s17-a11^#false-m24-ytrue-sfalse-p38#false-m75-ytrue-sfalse-p10#true-m77-ytrue-sfalse-p10#false-m81-ytrue-sfalse-p21}={1,35,29,17,3,27,16,4,11,9,14#57:9>>10#70:14>>33#81:35>>13}={1,21,3,38,10,11,22,17,27,19,14#46:38>>25#69:17>>16#82:11>>8}
15:11={17_1:1#false-m37-s16-a27-og#true-m71-s23-a9^#false-m60-ytrue-sfalse-p19#false-m88-ytrue-sfalse-p15}={27,16,18,4,2,25,32,20,6,8,9#57:20>>23#82:8>>14#87:9>>19}={1,19,3,13,15,17,11,21,9,4,27#74:4>>7#85:11>>6#88:21>>23}
4:9={13_1:3#true-m25-s10-a#false-m61-s10-a32#false-m79-s28-a32#false-m82-s4-a30^#true-m32-ytrue-sfalse-p22#false-m45-ytrue-sfalse-p28#true-m65-ytrue-sfalse-p38}={1,25,3,38,18,10,32,16,22,19,14#35:19>>27#50:3>>7#82:38>>30}={1,30,28,24,4,17,32,23,8,10,13#15:23>>7#71:24>>19#89:13>>3}
6:14={3_2:1#true-m17-s5-a21#true-m50-s4-a23#false-m73-s40-a9^#true-m9-ytrue-sfalse-p5#false-m30-ytrue-sfalse-p17#true-m52-ytrue-sfalse-p2}={22,15,2,21,4,5,23,20,3,19,8#73:19>>27#87:20>>26#90+1:8>>25}={1,2,5,9,24,6,4,20,17,11,7#56:20>>40#56:7>>43#67:11>>14}
10:16={15_1:1#true-m43-s10-a20-p#false-m90+3-s14-a33^#true-m12-ytrue-sfalse-p29#false-m42-ytrue-sfalse-p23#false-m44-ytrue-sfalse-p27#true-m45+2-ytrue-sfalse-p18#true-m79-ytrue-sfalse-p25#false-m82-ytrue-sfalse-p10#true-m89-ytrue-sfalse-p19}={1,20,29,24,10,18,25,7,17,19,9#75:9>>16#77:10>>2#83:25>>11}={1,25,29,17,3,27,16,13,23,10,33#66:29>>11#77:23>>14#82:16>>9}
12:5={8_2:1#false-m23-s19-a4#true-m54-s9-a31#true-m73-s5-a4^#false-m38-ytrue-sfalse-p11#true-m45-ytrue-sfalse-p15#true-m59-ytrue-sfalse-p18#false-m77-ytrue-sfalse-p21#true-m90+1-ytrue-sfalse-p13}={1,3,4,18,20,15,5,10,29,9,31#46:29>>13#46:3>>39#90:9>>21}={1,3,23,5,4,21,33,20,19,13,11#46:5>>24#64:13>>29#77:33>>8}
18:3={10_4:2#true-m20-s9-a11-p#false-m27-s2-a#true-m40-s13-a9#false-m52-s9-a#true-m60-s11-a#true-m86-s13-a14^#false-m59-yfalse-sfalse-p2#true-m67-ytrue-sfalse-p9#true-m80-ytrue-sfalse-p1}={1,31,4,22,20,25,6,11,27,13,9#75:11>>14#80:9>>24#90:13>>10}={38,5,29,25,2,27,10,22,8,17,9#46:27>>23#66:8>>13#74:9>>21}
1:2={16_2:0#true-m19-s11-a10#true-m38-s9-a8^#false-m13-yfalse-sfalse-p4#true-m82-ytrue-sfalse-p6}={26,27,17,5,8,6,11,32,10,19,9#45:9>>23#84:32>>13#86:10>>24}={32,23,16,4,5,31,8,10,9,7,11#22:11>>6#46:7>>17#62:10>>27}
8:13={20_0:3#false-m40-s11-a31#false-m45+2-s27-a27-p#false-m61-s11-a30^#true-m48-ytrue-sfalse-p6#true-m81-ytrue-sfalse-p7}={1,5,4,23,18,26,6,35,16,29,10#46:35>>7#46:4>>15}={35,38,6,31,4,10,30,11,7,8,27#74:27>>19#80:7>>17#87:11>>22}
17:7={19_3:0#true-m38-s33-a31#true-m45+4-s21-a31#true-m82-s9-a6^#false-m12-yfalse-sfalse-p4#true-m15-ytrue-sfalse-p24#true-m53-ytrue-sfalse-p6#true-m80-ytrue-sfalse-p32}={16,5,32,2,21,6,24,31,19,11,33#67:33>>9#73:19>>29#85:24>>8}={1,30,25,4,15,8,27,23,19,7,13#46:13>>14#46:7>>38#75:19>>18}
11:8={2_2:1#true-m17-s4-a15#false-m25-s18-a#true-m89-s9-a33}={1,19,3,13,15,17,20,21,9,4,27#67:21>>11#76:4>>8#79:15>>33}={1,5,23,18,13,44,22,6,35,16,10#67:44>>7#90:35>>9#90+1:5>>29}
2:18={14_2:1#false-m56-s9-a13#true-m70-s9-a11#true-m85-s11-a10^#false-m54-ytrue-sfalse-p6#true-m61-ytrue-sfalse-p23#false-m82-ytrue-sfalse-p27#false-m90-ytrue-sfalse-p25#false-m90+3-ytrue-sfalse-p20}={32,23,16,6,5,17,31,27,9,7,11#53:17>>10#58:27>>8#90+1:11>>44}={1,31,4,22,20,25,6,11,27,13,9#66:11>>14#76:9>>24#87:4>>10}
7:10={3_0:1#false-m62-s18-a19^#true-m87-ytrue-sfalse-p38#false-m88-ytrue-sfalse-p17}={1,30,25,15,8,27,32,23,33,19,18#61:8>>6#75:32>>38#78:18>>13}={1,20,29,24,18,11,2,7,17,19,9#65:11>>25#79:9>>36#90+3:19>>16}
9:15={11_1:1#false-m19-s4-a25#true-m67-s4-a10^#true-m83-ytrue-sfalse-p13}={1,30,28,24,4,17,32,8,10,11,13#46:24>>6#59:8>>27#77:11>>7}={27,16,18,4,2,25,32,10,8,23,9#69:32>>14#79:10>>20}
13:12={6_1:1#false-m47-s31-a4#true-m49-s38-a11^#true-m19-ytrue-sfalse-p4#true-m38-ytrue-sfalse-p30#false-m39-ytrue-sfalse-p3#false-m43-ytrue-sfalse-p9#true-m43-ytrue-sfalse-p6}={35,38,6,31,4,10,30,11,7,8,19#74:7>>26#83:19>>22}={1,4,18,20,15,8,5,10,29,9,31#33:5>>3#57:15>>13#67:10>>21}
14:17={23_3:1#true-m20-s14-a#false-m55-s33-a#true-m65-s17-a2#true-m69-s40-a2^#false-m4-ytrue-sfalse-p24#false-m13-ytrue-strue-p24#true-m46-ytrue-sfalse-p6#true-m75-ytrue-sfalse-p9}={1,2,5,9,24,6,20,14,17,40,43#68:43>>15#82:14>>11#90:20>>16}={16,3,5,32,2,21,24,31,19,11,33#66:31>>23#75:33>>9#82:19>>29}
3:1={19_1:3#false-m17-s10-a11#false-m37-s9-a32#false-m67-s27-a11#true-m88-s5-a27^#true-m9-ytrue-sfalse-p29#true-m59-ytrue-sfalse-p36#false-m65-ytrue-sfalse-p27#false-m75-ytrue-sfalse-p8}={38,5,29,25,36,27,23,22,33,17,9#42:25>>15#68:23>>10#80:9>>7}={26,27,5,8,4,6,29,11,32,10,9#74:27>>13#81:8>>19#84:11>>23}
5:4={1_0:3#false-m9-s32-a18#false-m56-s14-a19-p#false-m80-s14-a27^#false-m22-ytrue-sfalse-p22#true-m28-ytrue-sfalse-p21#true-m37-ytrue-sfalse-p13#false-m53-ytrue-sfalse-p10#true-m55-ytrue-sfalse-p16#true-m64-ytrue-sfalse-p8#false-m76-ytrue-sfalse-p14}={1,3,5,16,34,21,33,20,19,13,11#58:20>>8#67:11>>29#79:33>>4}={1,25,38,18,10,32,11,16,22,19,14#67:18>>27#77:32>>8#82:14>>6}
16:6={12_3:3#false-m1-s19-a20#true-m41-s10-a14#true-m44-s33-a11#false-m53-s4-a21#true-m60-s14-a31#false-m83-s27-a3^#false-m20-ytrue-sfalse-p3#true-m90+1-ytrue-sfalse-p29}={1,25,31,29,3,27,11,23,10,33,14#83:14>>16}={22,15,2,21,4,5,23,20,3,19,8#28:5>>26#55:2>>7#67:8>>27}
17:3={22_2:1#true-m5-s19-a#false-m45+3-s20-a21#true-m51-s7-a31^#true-m53-ytrue-sfalse-p5#true-m88-ytrue-sfalse-p3}={16,28,5,32,2,21,6,20,31,19,33#45+1:33>>11#46:19>>7#85:31>>3}={38,5,29,25,15,10,23,21,33,20,9#46:25>>2#63:23>>19#83:21>>13}
1:13={15_3:0#true-m31-s23-a4#true-m38-s9-a23#true-m49-s9-a32^#false-m7-ytrue-sfalse-p8#false-m16-ytrue-sfalse-p4#false-m30-ytrue-sfalse-p6}={26,14,5,8,13,4,11,32,10,23,9#74:14>>27#78:10>>24#80:23>>19}={35,38,6,31,4,10,30,11,7,8,27#60:7>>17#69:30>>3#83:27>>22}
4:11={24_1:1#false-m13-s17-a#true-m90+1-s19-a29^#false-m23-ytrue-sfalse-p21#false-m55-ytrue-sfalse-p11}={1,25,38,10,32,11,7,16,22,19,14#53:7>>29#63:14>>27#73:32>>18}={1,19,3,13,15,17,11,21,9,4,27#60:21>>20#70:9>>8#75:11>>5}
12:2={13_2:2#false-m13-s11-a7-p#true-m44-s9-a21#false-m54-s10-a-p#true-m74-s31-a8^#true-m12-ytrue-sfalse-p14#true-m51-ytrue-sfalse-p18#true-m52-yfalse-sfalse-p39#true-m61-ytrue-sfalse-p8#true-m61-ytrue-sfalse-p1#false-m64-ytrue-sfalse-p4#false-m75-ytrue-sfalse-p29#true-m83-ytrue-sfalse-p21}={1,4,18,20,8,10,29,21,9,14,31#46:14>>39#86:21>>38#90+1:31>>3}={32,3,23,6,4,31,44,8,10,7,11#55:8>>29#68:4>>5#84:10>>17}
15:5={3_1:0#true-m43-s18-a32-p^#true-m71-yfalse-sfalse-p2#false-m71-ytrue-sfalse-p21#false-m86-ytrue-sfalse-p4}={27,16,18,4,2,25,32,6,10,8,9#65:10>>23#73:32>>38#87:8>>19}={1,24,5,34,4,8,33,20,15,19,11#37:11>>21#60:20>>13#72:15>>39}
16:7={8_3:1#true-m3-s13-a11#true-m29-s10-a11#false-m68-s32-a19#true-m70-s10-a13^#false-m44-ytrue-sfalse-p25#true-m45-ytrue-sfalse-p29#false-m52-ytrue-sfalse-p38}={1,25,31,29,3,27,11,13,23,10,33#87:11>>14#90+4:10>>6}={1,30,20,25,15,27,38,23,31,19,18#53:31>>32#77:38>>16#80:23>>13}
6:9={5_2:4#false-m5-s13-a8#false-m14-s10-a-p#false-m20-s11-a#true-m28-s19-a23#true-m71-s23-a8#false-m77-s11-a7^#true-m13-ytrue-sfalse-p4#true-m90+2-ytrue-sfalse-p19#false-m90+3-ytrue-sfalse-p18}={22,15,21,4,23,7,26,3,19,8,27#61:7>>20#82:8>>17}={1,30,28,4,17,19,6,8,10,11,13#74:19>>7#88:11>>32#90:10>>18}
10:14={9_2:0#true-m17-s9-a11-p#true-m77-s19-a11^#false-m28-ytrue-sfalse-p43#true-m53-ytrue-sfalse-p29#true-m55-ytrue-sfalse-p36#false-m73-ytrue-sfalse-p28#true-m73-ytrue-sfalse-p7#false-m73-ytrue-sfalse-p9}={1,20,29,24,18,11,2,7,17,19,9#46:9>>36#87:11>>28#90+2:7>>5}={1,2,28,5,9,24,6,14,17,40,43#35:43>>15#69:24>>7#83:17>>11}
8:18={4_4:0#true-m39-s22-a10#true-m55-s10-a44#true-m59-s10-a22#true-m78-s10-a22^#false-m81-ytrue-sfalse-p19}={1,5,23,18,13,44,22,6,35,16,10#71:44>>8#82:16>>29#88:10>>7}={23,3,19,20,25,6,11,10,27,14,9#58:10>>13#74:9>>24#74:14>>8}
18:17={6_1:1#false-m24-s11-a20#true-m76-s24-a22-p^#false-m26-ytrue-sfalse-p32#false-m28-ytrue-sfalse-p31#false-m39-ytrue-sfalse-p21#true-m48-ytrue-sfalse-p11#false-m50-ytrue-sfalse-p11#false-m56-ytrue-sfalse-p28}={1,31,4,22,20,25,6,11,27,13,14#46:14>>24#72:25>>26}={16,28,5,32,2,21,6,20,31,11,7#66:7>>3#73:11>>9#87:31>>29}
2:8={17_2:0#true-m34-s8-a#true-m87-s3-a^#false-m88-ytrue-sfalse-p6}={32,23,16,4,5,31,44,8,10,9,11#46:23>>3#75:11>>29#80:10>>27}={1,5,23,18,26,13,44,22,6,35,10#66:44>>7#79:26>>29}
3:10={1_4:4#true-m12-s17-a8#true-m18-s17-a8-og#true-m20-s10-a17#true-m25-s13-a17#false-m61-s19-a17#false-m65-s25-a11#false-m86-s18-a17#false-m90+4-s29-a11^#false-m3-ytrue-sfalse-p2#false-m22-ytrue-sfalse-p20#false-m45+2-ytrue-sfalse-p18#true-m53-ytrue-sfalse-p25#true-m55-ytrue-sfalse-p17#true-m72-ytrue-strue-p17#true-m79-ytrue-sfalse-p27#false-m90-ytrue-sfalse-p11#false-m90+7-ytrue-sfalse-p1#true-m90+7-ytrue-sfalse-p8}={1,13,29,25,36,10,22,8,33,17,9#68:9>>5#78:10>>27#83:13>>2}={1,20,29,24,18,11,2,7,17,19,9#33:9>>8#33:2>>25#46:20>>5}
7:15={16_2:1#true-m51-s18-a#true-m90+1-s38-a30#false-m90+2-s11-a18^#false-m25-ytrue-sfalse-p10#true-m40-ytrue-sfalse-p18#true-m56-ytrue-sfalse-p27#true-m74-ytrue-sfalse-p23#false-m88-ytrue-sfalse-p7}={1,30,20,25,15,27,32,23,19,18,13#46:32>>14#79:13>>33#87:19>>38}={27,16,18,25,42,6,10,8,14,38,19#46:10>>23#79:14>>11#79:8>>7}
11:12={10_0:1#false-m76-s31-a14^#false-m18-ytrue-sfalse-p13#true-m25-ytrue-sfalse-p19#false-m45-ytrue-sfalse-p14#true-m52-ytrue-sfalse-p4#true-m73-ytrue-sfalse-p3#true-m82-ytrue-sfalse-p13#false-m89-ytrue-sfalse-p21}={1,19,3,13,15,17,11,21,9,4,27#68:21>>40#87:13>>31}={1,3,4,20,8,10,29,21,13,14,31#66:13>>38#85:10>>2#90:31>>11}
13:16={19_2:1#false-m40-s11-a31#true-m51-s11-a27#true-m78-s27-a31^#false-m11-yfalse-sfalse-p27#true-m45-ytrue-sfalse-p26#false-m45+2-ytrue-sfalse-p11#false-m76-ytrue-sfalse-p14}={35,38,6,31,4,10,30,11,8,26,27#23:8>>19#46:38>>36#88:26>>7}={1,25,31,29,3,27,11,23,10,33,14#46:11>>13#70:25>>17#87:3>>9}
9:1={8_2:1#true-m39-s10-a-p#true-m44-s28-a13#false-m74-s23-a^#false-m31-ytrue-sfalse-p24#true-m65-ytrue-sfalse-p30}={1,30,28,4,17,7,6,8,10,11,13#11:6>>24#46:24>>19#90+1:11>>18}={26,14,5,8,4,11,32,19,24,23,9#45:14>>29#46:11>>34#68:19>>28}
14:4={5_3:0#true-m6-s25-a6-og#true-m75-s17-a#true-m88-s28-a2^#false-m29-ytrue-sfalse-p22#false-m61-ytrue-sfalse-p19#false-m74-ytrue-sfalse-p11}={1,2,28,5,9,24,6,14,17,40,7#75:14>>4#82:7>>19#90+1:40>>15}={1,25,38,10,29,11,16,22,17,19,14#57:29>>18#63:10>>28#64:17>>27}
5:6={18_0:2#false-m17-s19-a27#false-m64-s19-a27-p^#true-m79-ytrue-sfalse-p22#true-m90+1-ytrue-sfalse-p19}={1,40,24,22,34,8,33,20,19,13,39#46:8>>29#72:13>>37#84:33>>38}={22,15,17,21,4,23,26,3,19,11,27#46:15>>25#84:11>>20#84:19>>28}
7:14={2_0:0}
1:18={23_3:1}
4:2={16_4:0}
8:17={5_1:0}
12:3={9_1:1}
15:13={22_1:3}
10:5={19_2:2}
6:11={20_1:2}
16:9={4_3:0}
17:12={1_0:2}
2:15={10_2:2}
3:8={8_1:2}
11:1={13_0:1}
14:16={6_0:0}
9:10={17_1:1}
5:7={12_3:4}
18:4={15_2:0}
13:6={14_1:1}
16:2={23_1:1}
7:9={1_1:0}
14:11={8_1:2}
15:3={2_0:2}
4:17={18_1:0}
1:5={16_1:0}
6:18={9_3:1}
10:13={11_3:2}
12:8={19_1:0}
9:14={15_3:1}
5:16={2_1:0}
8:15={4_2:2}
11:10={12_2:2}
13:7={6_3:3}
17:1={10_0:1}
3:4={13_2:1}
18:12={20_4:4}
2:6={22_2:3}
12:1={16_1:3}
8:4={9_1:1}
11:7={17_1:1}
13:14={8_1:0}
17:6={3_1:0}
18:15={5_3:2}
2:10={1_3:1}
5:9={24_2:1}
3:16={19_0:0}
6:3={6_1:1}
4:12={19_1:4}
7:2={2_2:1}
9:13={18_2:0}
15:17={13_3:2}
16:11={15_1:3}
14:5={23_0:2}
1:8={12_4:2}
10:18={14_1:1}
11:9={7_2:0}
1:4={8_5:2}
2:14={4_1:1}
3:7={16_2:2}
5:13={6_1:1}
17:10={24_0:2}
8:6={5_0:0}
12:15={22_2:0}
18:16={3_0:1}
5:3={2_2:3}
6:4={1_1:1}
7:12={12_0:0}
10:8={23_1:2}
15:1={20_0:2}
16:17={9_1:1}
9:2={19_0:1}
13:11={13_3:0}
14:18={17_1:1}
2:13={11_2:0}
3:14={7_2:0}
4:15={4_4:2}
11:5={16_4:2}
12:6={10_0:2}
18:7={8_2:1}
1:10={19_2:1}
17:9={22_1:0}
8:16={1_3:1}
6:15={14_0:2}
5:18={15_1:1}
7:8={9_1:0}
14:12={3_1:2}
16:1={17_1:2}
10:4={2_2:1}
13:17={19_0:1}
9:3={5_0:1}
11:2={24_2:1}
15:16={5_1:1}
1:6={23_0:0}
4:7={6_1:1}
17:11={18_1:0}
18:9={12_0:1}
8:14={24_1:0}
12:10={16_0:2}
2:5={13_1:2}
3:13={8_1:1}
9:8={4_2:2}
10:6={17_1:0}
11:18={7_1:0}
13:4={10_0:2}
14:15={15_0:0}
16:12={24_1:2}
2:3={3_1:1}
5:17={20_2:3}
7:1={22_0:4}
15:10={3_0:1}
1:14={6_6:0}
4:16={8_3:0}
6:7={11_0:0}
18:13={5_1:3}
12:9={9_2:0}
17:2={19_0:0}
3:11={1_3:2}
8:5={2_3:1}
7:17={2_1:2}
9:4={14_3:3}
11:15={16_3:0}
13:8={17_1:3}
14:6={12_1:2}
16:10={4_0:1}
3:18={10_1:0}
5:12={13_2:0}
2:1={7_2:1}
4:5={9_6:0}
10:7={19_2:0}
12:13={22_0:0}
17:14={3_1:1}
18:2={23_2:3}
1:3={5_6:0}
6:16={1_0:0}
8:11={24_2:1}
15:9={8_0:0}
18:8={21_2:1}
5:15={4_1:1}
7:16={17_0:2}
9:6={18_2:1}
13:1={15_1:4}
14:10={6_3:2}
3:17={10_3:0}
11:4={16_1:1}
2:12={1_1:4}
16:13={10_0:0}
4:14={13_2:0}
6:5={20_2:1}
12:11={3_4:1}
17:18={11_1:1}
1:9={12_5:1}
10:3={8_2:0}
8:2={6_1:1}
15:7={23_2:0}
9:16={19_3:0}
2:4={21_2:5}
11:6={17_0:3}
14:7={4_1:0}
17:8={20_2:0}
18:1={14_0:3}
3:12={15_4:0}
13:15={22_2:0}
5:10={7_2:2}
4:18={10_3:1}
1:11={6_4:1}
6:13={7_2:2}
7:5={1_3:2}
10:9={13_1:1}
16:14={16_1:3}
12:17={21_0:1}
15:2={5_3:0}
8:3={3_1:1}
2:16={7_4:1}
3:15={16_1:2}
5:1={18_1:3}
8:12={9_0:0}
9:7={8_3:1}
11:14={1_3:0}
13:10={12_1:2}
17:4={24_2:0}
18:6={20_3:1}
1:17={17_1:4}
4:3={8_3:1}
6:2={11_2:6}
7:13={5_2:0}
10:11={22_1:0}
12:18={23_3:2}
14:9={3_2:1}
15:8={14_1:2}
16:5={15_4:1}
