1:12={29_8:0#true-m4-s7-a6#true-m19-s18-a25#true-m31-s9-a-p#true-m47-s7-a10#true-m59-s7-a10#true-m69-s25-a9#true-m71-s10-a6#true-m81-s42-a9^#false-m30-ytrue-sfalse-p4#true-m65-ytrue-sfalse-p6#false-m81-ytrue-sfalse-p17}={1,17,21,5,4,18,6,7,9,25,10#51:18>>24#72:10>>11#72:7>>42#73:17>>41#82:25>>14}={1,4,24,17,10,25,13,8,14,18,7#30:8>>28#65:14>>9#79:25>>31#79:18>>22}
9:17={4_1:1#false-m51-s17-a18#true-m62-s33-a9^#false-m7-ytrue-sfalse-p15#true-m33-ytrue-sfalse-p9#true-m55-ytrue-sfalse-p27#false-m70-ytrue-sfalse-p27}={1,19,24,20,13,15,28,10,17,9,33#46:24>>11#46:28>>27#76:17>>3#88:15>>22}={1,15,23,2,6,8,30,19,17,18,9#13:15>>27#73:8>>7#73:17>>16#73:23>>5#81:18>>36}
11:15={9_1:3#false-m40-s16-a32#true-m75-s15-a25#false-m82-s11-a22#false-m89-s28-a24^#true-m9-ytrue-sfalse-p28#true-m62-ytrue-sfalse-p33}={1,5,31,25,28,30,34,21,27,15,32#25:34>>33#71:21>>36#71:27>>10#86:25>>23#86:32>>8}={1,32,6,22,19,20,25,8,16,11,7#76:7>>27#76:16>>28#86:20>>36#86:25>>24#89:11>>33}
14:6={21_2:3#false-m3-s27-a#true-m22-s9-a29#false-m45+3-s27-a14-p#true-m86-s24-a9#false-m90+2-s27-a20^#true-m33-ytrue-sfalse-p33#false-m45+5-ytrue-sfalse-p4#true-m69-ytrue-sfalse-p18#true-m85-ytrue-sfalse-p14#false-m90-ytrue-sfalse-p1#false-m90-ytrue-sfalse-p9#false-m90+5-ytrue-sfalse-p3}={1,33,5,23,18,14,6,20,28,29,9#46:6>>19#71:29>>21#71:20>>24#85:28>>30#89:18>>3}={1,15,25,4,3,22,14,8,18,10,27#62:10>>9#76:8>>19#76:18>>20#90+5:25>>2}
16:10={22_1:4#false-m42-s2-a17#false-m45+2-s11-a6#false-m62-s10-a6#true-m69-s9-a5#false-m90-s15-a7^#true-m46-ytrue-sfalse-p35#true-m90+1-ytrue-sfalse-p9}={1,5,32,23,18,22,35,30,8,19,9#46:8>>10#63:30>>11#63:22>>41}={1,20,17,2,5,25,6,29,10,11,9#61:9>>15#81:2>>42#81:5>>23#81:11>>7}
18:8={6_2:3#false-m8-s18-a22#false-m26-s22-a18#false-m48-s32-a9#true-m71-s9-a10#true-m81-s14-a3^#true-m25-ytrue-sfalse-p10#false-m35-ytrue-sfalse-p9#true-m44-ytrue-sfalse-p14#false-m90+6-ytrue-sfalse-p17}={1,2,35,4,8,10,3,31,23,30,14#60:8>>21#65:35>>9#78:31>>29#78:30>>18}={21,30,23,3,32,27,29,22,7,9,18#77:22>>17#77:7>>28#88:29>>5#89:32>>6}
2:4={5_3:0#true-m35-s32-a22#true-m54-s9-a32-p#true-m77-s9-a7^#true-m13-ytrue-sfalse-p16#false-m39-ytrue-sfalse-p13}={1,16,15,22,23,10,24,32,7,28,9#19:10>>30#67:22>>6#79:7>>11#79:32>>19}={1,25,30,28,18,17,23,6,32,13,11#57:11>>10#57:13>>14#69:17>>7}
3:13={10_3:1#true-m17-s10-a25-p#true-m21-s9-a25#false-m48-s9-a7#true-m51-s8-a10^#false-m30-ytrue-sfalse-p9#false-m58-ytrue-sfalse-p6#true-m63-ytrue-sfalse-p9}={1,3,23,16,5,14,8,44,25,10,9#69:25>>11#77:44>>39#77:10>>18#90+2:8>>22}={27,18,19,4,34,35,6,29,9,21,7#68:7>>5#68:29>>8#86:6>>25#87:21>>22#90+1:9>>26}
7:5={13_0:0^#false-m33-ytrue-sfalse-p20#true-m43-ytrue-sfalse-p24#false-m90+2-ytrue-sfalse-p15}={1,25,4,15,27,7,40,14,24,8,9#69:14>>11#69:15>>6#78:40>>31}={1,22,12,20,8,5,10,27,13,38,19#63:10>>11#63:13>>14#76:22>>18#85:27>>15#85:38>>17}
10:9={7_1:3#false-m30-s33-a-p#false-m36-s9-a15#false-m71-s17-a15#true-m77-s13-a25-og^#true-m35-ytrue-sfalse-p29#false-m47-ytrue-sfalse-p17#false-m56-ytrue-sfalse-p18#true-m72-ytrue-sfalse-p10#true-m78-ytrue-sfalse-p20#false-m84-ytrue-sfalse-p15#false-m90-ytrue-sfalse-p3}={1,20,17,2,5,25,6,29,10,11,9#46:2>>42#46:6>>23#46:9>>15#66:23>>21#83:11>>33}={1,19,20,13,18,3,15,10,17,9,33#15:10>>11#66:9>>24#66:18>>21#85:17>>8#85:33>>27}
4:11={24_1:1#true-m56-s10-a23#false-m79-s4-a32^#true-m11-ytrue-sfalse-p25#false-m64-ytrue-sfalse-p28#false-m90+2-ytrue-sfalse-p30}={1,25,30,28,18,23,6,32,13,14,10#70:10>>17#75:14>>11#85:32>>7}={1,5,31,25,4,28,30,21,14,27,15#57:14>>10#57:27>>32#73:28>>6#73:15>>36#88:21>>33}
5:3={15_1:1#false-m14-s10-a9#true-m20-s10-a8^#true-m19-ytrue-sfalse-p10#false-m45-ytrue-sfalse-p16#false-m65-ytrue-sfalse-p8#false-m90+2-ytrue-sfalse-p14}={1,22,12,20,8,5,10,27,38,19,14#58:5>>4#78:38>>9#78:10>>11#90:8>>6}={1,3,16,22,5,14,8,44,25,10,9#27:9>>19#46:44>>11#66:10>>18#86:25>>39}
13:18={18_1:4#true-m13-s7-a9#false-m45-s14-a8#false-m61-s10-a9#false-m80-s31-a14#false-m86-s9-a30^#true-m37-ytrue-sfalse-p19#false-m52-ytrue-sfalse-p15#false-m69-ytrue-sfalse-p23#false-m74-ytrue-sfalse-p8#true-m77-ytrue-strue-p19#false-m90+1-ytrue-strue-p15}={27,18,19,4,34,35,5,6,9,21,7#69:35>>8#82:5>>42#82:18>>29#86:9>>26}={1,2,4,24,15,8,10,3,23,9,14#74:8>>31#82:10>>7#83:14>>30#87:9>>18#87:23>>21}
15:2={16_2:0#true-m40-s19-a20#true-m54-s20-a7^#true-m29-ytrue-sfalse-p11#true-m30-ytrue-sfalse-p8#false-m30-ytrue-sfalse-p9#true-m31-ytrue-sfalse-p6#false-m38-ytrue-sfalse-p24#false-m71-ytrue-sfalse-p28#false-m76-ytrue-sfalse-p23}={1,32,6,22,19,20,25,28,8,11,7#57:11>>24#62:7>>27#63:8>>36#90+2:28>>5#90+2:25>>33}={1,16,13,15,22,23,24,32,7,28,9#59:22>>19#60:13>>11#69:24>>20#83:28>>8}
17:14={12_1:0#true-m78-s14-a1^#false-m17-ytrue-sfalse-p14#false-m43-ytrue-sfalse-p5#true-m45-ytrue-sfalse-p9#true-m89-ytrue-sfalse-p17#true-m90+1-ytrue-sfalse-p36#false-m90+2-ytrue-sfalse-p30}={1,27,23,2,6,8,30,19,17,18,9#67:18>>14#73:8>>36#88:30>>16}={1,33,5,19,23,18,14,20,28,29,9#46:14>>24#62:29>>15#75:18>>21#76:9>>7#86:20>>30}
12:16={19_1:3#false-m22-s11-a19#false-m37-s11-a5#false-m59-s11-a-p#true-m90+3-s7-a18^#true-m35-ytrue-sfalse-p18#true-m36-ytrue-sfalse-p17#true-m38-ytrue-sfalse-p7#true-m55-ytrue-sfalse-p16#true-m58-ytrue-sfalse-p4#true-m63-ytrue-sfalse-p10#false-m74-ytrue-sfalse-p34#false-m78-ytrue-sfalse-p30#true-m84-ytrue-strue-p4}={1,4,24,17,10,16,6,13,18,9,7#46:17>>26#46:9>>11}={1,5,32,23,13,10,35,30,34,11,19#68:10>>24#68:11>>9#87:19>>22#87:30>>36#90:34>>8}
6:1={4_4:1#true-m16-s4-a8#true-m24-s10-a27#false-m36-s6-a25#true-m77-s27-a9#true-m90+2-s27-a9-p^#true-m21-ytrue-sfalse-p8#true-m28-ytrue-sfalse-p14#true-m45+1-ytrue-sfalse-p27#false-m90+1-ytrue-sfalse-p1#false-m90+1-ytrue-sfalse-p17}={1,25,4,3,38,22,14,8,18,10,27#39:4>>29#58:8>>9#59:14>>20#80:10>>11}={1,27,17,19,5,6,24,7,25,10,14#57:14>>9#57:5>>18#72:24>>42#73:10>>29}
8:7={25_1:1#true-m11-s18-a32#false-m42-s7-a27^#false-m32-ytrue-sfalse-p6#false-m33-ytrue-sfalse-p27#false-m34-ytrue-sfalse-p25}={21,30,23,3,32,27,22,8,7,9,18#78:32>>29#78:22>>28#88:18>>11#90+5:23>>5}={12,25,6,27,7,31,23,40,11,10,33#49:40>>8#58:27>>24#58:10>>14#77:33>>9#77:6>>15}
11:13={22_4:0#true-m13-s10-a27#true-m49-s32-a28#true-m63-s5-a28#true-m64-s9-a25^#true-m33-ytrue-sfalse-p28#false-m53-ytrue-sfalse-p9#false-m59-ytrue-sfalse-p6#false-m67-ytrue-sfalse-p5#false-m77-ytrue-sfalse-p4}={1,5,31,25,4,28,30,21,27,32,10#64:10>>9#64:27>>15#69:28>>6#82:32>>18#82:30>>33}={27,18,42,23,4,5,14,6,9,21,7#60:9>>29#60:14>>26#71:7>>15#71:23>>3}
2:8={28_4:0#true-m31-s9-a32#true-m47-s23-a32#true-m66-s9-a32#true-m90+2-s30-a9^#true-m55-ytrue-sfalse-p15#false-m57-ytrue-sfalse-p28}={35,16,13,15,22,23,24,32,28,9,11#71:11>>19#71:22>>6#80:32>>20#84:24>>30#84:13>>14}={21,30,5,23,3,27,22,8,7,9,18#55:5>>31#55:22>>32#55:18>>28#55:9>>29#84:7>>17}
9:6={10_2:1#false-m18-s27-a14#true-m54-s15-a9#true-m71-s9-a33^#true-m35-ytrue-sfalse-p17#false-m41-ytrue-sfalse-p8#true-m52-ytrue-sfalse-p11#false-m56-ytrue-sfalse-p11#false-m83-ytrue-sfalse-p38}={1,19,20,13,18,3,15,17,11,9,33#63:19>>35#80:9>>21#87:11>>27#87:15>>22}={1,25,3,38,22,14,8,11,10,27,29#72:29>>9#72:8>>20#77:14>>19}
14:4={9_1:3#false-m14-s14-a23#false-m16-s18-a23#false-m56-s13-a10-p#true-m84-s20-a33^#true-m31-ytrue-sfalse-p19#false-m31-ytrue-sfalse-p25#true-m35-ytrue-sfalse-p20#false-m82-ytrue-sfalse-p7#true-m90-ytrue-sfalse-p30#false-m90+2-ytrue-sfalse-p18}={1,33,5,19,23,30,24,18,20,28,9#46:5>>31#66:19>>15#77:24>>29#77:18>>7#86:28>>6}={1,25,30,28,18,23,6,32,13,14,10#69:10>>7#77:13>>11#88:14>>36#88:23>>16}
16:17={20_1:0#true-m27-s10-a34^#true-m40-ytrue-sfalse-p32#false-m52-ytrue-sfalse-p23#true-m90+1-ytrue-sfalse-p35#false-m90+4-ytrue-sfalse-p6}={1,5,32,23,13,10,35,30,34,11,19#75:11>>22#75:30>>36#81:10>>24#81:19>>9#89:34>>18}={1,27,23,2,6,8,30,19,17,18,9#71:23>>5#71:18>>36#88:8>>10#88:17>>14}
18:5={11_1:1#false-m7-s14-a27#true-m76-s9-a21^#true-m69-ytrue-sfalse-p4#false-m75-ytrue-sfalse-p38#true-m75-ytrue-sfalse-p30#false-m89-ytrue-sfalse-p20#true-m89-ytrue-sfalse-p3}={1,2,4,5,24,8,10,3,23,9,14#56:14>>7#56:24>>30#70:8>>31#70:5>>21#84:10>>16}={1,2,22,12,20,5,10,27,38,19,14#19:14>>13#28:22>>18#79:10>>15#79:27>>11#79:38>>9}
3:12={3_4:0#true-m31-s40-a10-og#true-m35-s3-a18#true-m45+2-s4-a23#true-m80-s23-a-p^#false-m64-ytrue-sfalse-p26#false-m79-ytrue-sfalse-p5#true-m83-ytrue-sfalse-p19#false-m90+1-ytrue-sfalse-p11}={1,3,23,22,4,5,8,44,18,25,10#71:5>>16#72:10>>19#76:44>>39#83:3>>47#83:25>>20}={1,5,24,26,17,10,6,28,8,18,7#22:8>>40#46:1>>23#46:18>>11}
7:15={29_0:0^#false-m90+4-ytrue-sfalse-p6}={1,25,4,6,15,27,7,23,14,24,9#63:24>>31#72:15>>20#72:14>>33}={1,32,6,22,19,20,25,28,8,11,7#57:28>>16#57:11>>24#57:7>>27#72:8>>33#90:25>>36}
1:10={6_4:3#true-m40-s9-a7#true-m51-s9-a41#false-m59-s15-a10#false-m71-s10-a9#true-m85-s9-a25#false-m88-s27-a17#true-m90+3-s9-a-p^#false-m13-ytrue-sfalse-p15#true-m58-ytrue-sfalse-p21#false-m84-ytrue-sfalse-p9#true-m85-ytrue-sfalse-p7#false-m90+2-ytrue-sfalse-p17#true-m90+4-ytrue-sfalse-p9}={1,27,17,19,21,41,18,6,7,9,25#65:6>>5#65:21>>42#65:41>>24#89:19>>4#90+4:7>>8}={1,20,17,2,5,42,6,29,15,10,11#68:42>>9#87:11>>27}
6:2={22_0:1#false-m76-s11-a9^#true-m58-ytrue-sfalse-p38#false-m90-ytrue-sfalse-p32}={1,25,38,22,20,8,16,18,9,19,29#60:19>>14#60:20>>7#79:9>>10#79:29>>17#79:38>>11}={35,15,26,19,23,8,24,30,32,7,28#20:26>>6#64:19>>11#64:7>>9#75:8>>22#75:24>>13}
8:16={8_1:1#true-m15-s3-a9#false-m25-s11-a10-p^#true-m26-ytrue-sfalse-p27#false-m44-ytrue-sfalse-p5#false-m51-ytrue-sfalse-p34#false-m83-ytrue-sfalse-p19#true-m89-ytrue-sfalse-p8#true-m90+2-ytrue-sfalse-p7}={21,30,23,3,32,27,22,8,7,9,18#69:22>>29#69:32>>28#90:9>>11}={1,5,32,23,13,10,35,34,11,19,41#46:41>>6#66:10>>7#77:11>>9#77:34>>21#87:6>>36}
10:18={15_0:2#false-m9-s4-a10#false-m68-s8-a31^#true-m15-ytrue-sfalse-p10#false-m29-ytrue-sfalse-p9#false-m45-ytrue-sfalse-p10#true-m74-ytrue-sfalse-p5}={1,20,17,2,21,5,6,7,29,15,10#21:2>>42#46:7>>11#66:21>>16#78:6>>9#78:42>>23}={1,4,15,8,7,10,3,16,23,9,14#64:10>>31#64:7>>22#87:9>>18#89:14>>35#89:8>>25}
13:5={7_0:1#false-m30-s13-a9^#false-m57-ytrue-sfalse-p8#true-m75-ytrue-sfalse-p6#true-m85-ytrue-sfalse-p20#true-m86-ytrue-sfalse-p11}={27,18,15,19,4,5,14,6,8,29,9#58:14>>20#58:29>>7#69:8>>21#77:9>>11#77:6>>26}={1,22,12,11,20,8,5,10,13,9,19#46:20>>15#69:9>>38#69:10>>25}
15:3={5_0:2#false-m45-s3-a25#false-m66-s9-a25^#false-m60-ytrue-sfalse-p5}={1,32,6,3,19,20,28,24,8,33,11#54:24>>7#54:28>>16#54:33>>25#75:8>>23}={1,3,23,39,16,22,5,14,18,25,10#46:16>>4#66:10>>9#79:25>>11#90:3>>21#90:18>>19}
17:1={21_1:4#false-m8-s25-a9#false-m25-s9-a18#false-m45+1-s9-a25#false-m51-s25-a9#true-m58-s8-a9^#true-m73-ytrue-sfalse-p15#false-m76-yfalse-sfalse-p24}={1,15,23,2,6,8,7,30,16,19,9#69:16>>10#70:7>>36#83:15>>3#90:30>>14#90:8>>20}={1,27,21,5,4,18,24,29,7,9,25#65:18>>8#65:7>>11#86:29>>42#86:9>>13#90:21>>19}
4:7={18_1:1#true-m78-s23-a10-p#false-m85-s9-a20^#false-m21-ytrue-sfalse-p24#true-m77-ytrue-sfalse-p32#false-m77-ytrue-sfalse-p23#true-m90-ytrue-sfalse-p7}={1,30,28,18,17,23,6,32,13,36,10#70:36>>7#70:13>>11#76:18>>24#76:17>>25#85:10>>16}={1,25,4,15,27,20,7,23,14,24,9#46:24>>31#78:14>>8#89:7>>17}
14:9={13_1:1#false-m45+2-s33-a15-p#true-m52-s18-a19^#true-m15-ytrue-sfalse-p19#false-m18-ytrue-sfalse-p20#true-m54-ytrue-sfalse-p20#true-m64-ytrue-sfalse-p23#false-m88-ytrue-sfalse-p32}={1,33,5,19,23,8,18,20,28,31,9#72:18>>21#83:19>>2#89:9>>27}={1,19,20,13,18,3,15,17,11,9,33#69:11>>32#86:33>>27}
12:11={12_1:1#false-m55-s5-a28#true-m69-s18-a6^#true-m71-ytrue-sfalse-p22#false-m74-ytrue-sfalse-p21#true-m77-ytrue-sfalse-p18#true-m83-ytrue-sfalse-p25}={23,2,5,24,26,10,40,6,11,9,22#56:11>>18#61:40>>25#82:9>>28}={1,5,31,25,28,30,21,27,15,10,9#67:9>>14#77:27>>34#77:10>>32#90+2:15>>18}
18:14={28_1:1#true-m1-s23-a9#false-m23-s9-a-p^#false-m8-ytrue-sfalse-p19#true-m51-ytrue-sfalse-p14#false-m55-ytrue-sfalse-p8#false-m68-ytrue-sfalse-p18#false-m72-ytrue-sfalse-p28#true-m80-ytrue-sfalse-p16#false-m88-ytrue-sfalse-p21}={1,4,15,8,7,10,3,16,23,9,14#34:4>>35#56:7>>22#56:14>>30#74:10>>21#74:9>>19}={1,33,5,19,23,8,18,20,28,31,9#17:19>>15#70:9>>27#81:18>>3#81:23>>21}
1:9={19_5:0#true-m10-s9-a29#true-m26-s9-a6#true-m60-s9-a11#true-m72-s10-a20#true-m90-s42-a18^#true-m17-ytrue-sfalse-p18#true-m45+2-ytrue-sfalse-p17#true-m46-ytrue-sfalse-p6}={1,27,17,19,20,18,6,29,11,9,25#3:19>>21#68:25>>8#68:9>>13#68:11>>10#73:29>>42}={1,20,13,18,35,3,15,17,11,9,33#46:11>>22#46:15>>32#71:33>>24#71:18>>27#74:3>>8}
3:10={24_2:1#false-m8-s15-a11#true-m11-s5-a19#true-m77-s7-a4-p^#false-m17-ytrue-sfalse-p29#false-m47-ytrue-sfalse-p42#true-m48-ytrue-sfalse-p5#false-m50-ytrue-strue-p42#false-m90+4-ytrue-sfalse-p27}={1,3,39,22,4,5,44,18,10,21,19#65:10>>9#65:21>>25#69:22>>7#90:44>>6}={1,14,20,17,2,5,6,29,15,10,11#46:2>>42#84:17>>27#84:15>>9#84:11>>16#89:6>>23}
11:8={20_1:1#false-m34-s32-a30#true-m36-s30-a10^#true-m39-ytrue-sfalse-p32#false-m69-ytrue-sfalse-p34#false-m77-ytrue-sfalse-p22#false-m80-ytrue-sfalse-p3#false-m88-ytrue-sfalse-p27}={1,5,31,25,28,30,34,27,32,10,9#59:32>>15#71:27>>18#71:9>>14#71:34>>33#80:28>>6}={21,30,23,3,32,27,22,8,7,9,18#61:8>>34#78:22>>28#78:32>>29#87:18>>11}
13:4={27_2:3#false-m15-s13-a36#true-m23-s9-a7#true-m36-s9-a8#false-m76-s23-a-p#false-m83-s28-a23^#true-m49-ytrue-sfalse-p14#false-m53-ytrue-sfalse-p36#true-m61-ytrue-sfalse-p15#false-m62-ytrue-sfalse-p32#true-m75-ytrue-sfalse-p19#true-m77-ytrue-sfalse-p6#true-m83-ytrue-sfalse-p27#false-m84-ytrue-sfalse-p10}={27,18,15,19,4,5,14,6,8,9,7#65:8>>20#65:14>>35#68:7>>29#80:6>>11}={1,30,28,24,18,17,6,43,13,36,7#53:13>>10#54:24>>14#60:43>>23#60:6>>32#72:36>>11}
2:12={29_3:0#true-m55-s16-a13#true-m61-s9-a7#true-m78-s15-a13^#false-m13-ytrue-sfalse-p6}={1,16,13,15,19,8,6,24,32,7,9#71:8>>28#71:32>>30#77:19>>11#77:7>>10#80:24>>2}={23,2,5,24,26,33,10,25,6,14,18#56:10>>40#56:18>>15#71:14>>9}
7:17={10_2:1#true-m19-s9-a27#true-m20-s27-a14#false-m80-s36-a8^#false-m10-ytrue-sfalse-p9#true-m49-ytrue-sfalse-p27#true-m78-ytrue-sfalse-p17}={1,25,4,15,27,20,23,14,8,17,9#31:23>>24#67:14>>40#84:17>>11#84:8>>31}={1,15,5,2,6,8,30,31,19,18,9#46:31>>20#46:15>>3#77:18>>36#87:6>>14}
16:6={18_1:1#true-m5-s35-a23#false-m22-s8-a16^#false-m59-ytrue-sfalse-p38#true-m79-ytrue-sfalse-p32#false-m89-ytrue-sfalse-p20#true-m90+2-ytrue-sfalse-p23}={1,32,23,36,18,13,10,35,34,11,19#37:11>>8#71:36>>6#87:8>>22}={12,25,38,22,14,8,16,18,7,10,29#59:7>>33#77:14>>20#77:10>>23#86:29>>17}
5:15={25_3:1#true-m16-s13-a-p#false-m51-s20-a16#true-m74-s13-a11#true-m90+4-s19-a9^#false-m15-ytrue-sfalse-p32#false-m77-ytrue-sfalse-p16#true-m78-ytrue-sfalse-p13}={1,22,12,11,15,8,5,25,13,9,19#36:8>>6#63:25>>27#81:13>>38}={1,32,6,22,19,20,25,28,8,11,7#46:28>>16#46:11>>24#74:7>>33#81:32>>2#81:8>>23}
12:18={4_1:1#true-m30-s33-a25#false-m56-s22-a-p^#false-m37-ytrue-sfalse-p8#true-m55-ytrue-sfalse-p26#true-m59-ytrue-sfalse-p6#false-m81-ytrue-sfalse-p22}={23,2,5,24,26,33,40,25,6,18,7#70:5>>10#84:7>>9#84:40>>28}={1,4,24,15,8,7,3,16,31,23,9#46:9>>22#75:31>>21#75:24>>14#79:7>>19#90+1:8>>20}
9:16={5_1:1#false-m51-s19-a36#true-m65-s33-a15^#true-m4-ytrue-sfalse-p3#false-m45+2-ytrue-sfalse-p34#false-m55-ytrue-sfalse-p19#false-m90+3-ytrue-sfalse-p8}={1,19,20,13,18,3,15,17,11,9,33#46:3>>28#60:11>>27#60:18>>32}={1,32,23,36,18,13,10,22,35,34,19#62:22>>7#70:34>>21#70:10>>8#83:36>>6}
14:1={27_1:2#false-m13-s25-a-p#false-m45+1-s7-a6#true-m82-s24-a29^#false-m10-ytrue-sfalse-p13#false-m23-ytrue-sfalse-p5#true-m89-ytrue-sfalse-p31}={1,33,5,23,8,18,15,21,28,31,9#59:23>>3#59:28>>24#59:15>>29#79:9>>7}={1,17,5,20,4,6,8,13,7,25,10#63:10>>14#63:13>>11#79:8>>27#90+4:7>>22}
15:13={9_3:1#true-m40-s16-a22#false-m64-s21-a8#true-m80-s28-a27#true-m90+1-s28-a17^#true-m49-ytrue-sfalse-p16#true-m58-ytrue-sfalse-p33#true-m66-ytrue-sfalse-p22#false-m84-ytrue-sfalse-p4#true-m85-ytrue-sfalse-p17#true-m90+2-ytrue-sfalse-p28}={1,32,6,22,19,20,25,28,33,16,11#60:32>>2#75:11>>27#79:16>>17}={27,18,15,19,4,5,14,6,8,9,7#58:9>>21#82:8>>11#82:7>>29#83:14>>17#83:6>>20}
17:2={7_0:2#false-m53-s15-a24#false-m71-s15-a11^#true-m26-ytrue-sfalse-p27#false-m63-ytrue-sfalse-p6}={1,27,23,4,2,6,8,30,19,9,36#64:8>>14#65:36>>3#65:27>>18#82:6>>10}={1,16,15,22,19,6,10,24,30,7,11#75:11>>13#75:7>>32#82:10>>28#82:6>>20#86:15>>26}
4:3={21_1:0#true-m60-s11-a7^#true-m52-ytrue-sfalse-p17#true-m56-ytrue-sfalse-p32#false-m61-ytrue-sfalse-p44#false-m69-ytrue-sfalse-p11#false-m70-ytrue-sfalse-p7#false-m90+4-ytrue-sfalse-p18}={1,25,30,28,18,23,32,11,36,7,14#46:30>>17#73:36>>10#73:32>>6#80:14>>13#80:7>>19}={1,3,39,4,5,44,25,7,20,9,19#66:44>>8#66:25>>10#66:9>>11#69:20>>18}
8:5={6_2:4#true-m3-s9-a17#false-m29-s13-a#false-m42-s13-a8#false-m64-s11-a27#true-m72-s18-a32#false-m76-s4-a10^#false-m24-ytrue-sfalse-p5#true-m45+1-ytrue-sfalse-p17#true-m50-ytrue-sfalse-p23#false-m60-ytrue-sfalse-p19}={21,30,23,17,3,32,27,22,8,7,9#63:17>>18#78:9>>11#79:32>>28#79:22>>29}={1,22,12,11,15,8,5,27,13,9,19#64:5>>4#65:15>>10#79:19>>38#89:13>>25}
10:7={16_1:1#true-m6-s10-a11#false-m20-s20-a17^#true-m76-ytrue-sfalse-p21#true-m86-ytrue-sfalse-p2#false-m90+1-ytrue-sfalse-p31#true-m90+2-ytrue-sfalse-p8}={1,14,20,17,2,5,6,29,15,10,11#57:29>>8#74:17>>21#74:11>>16#82:15>>9}={1,25,4,15,20,7,31,24,8,17,9#65:17>>14#65:7>>40#84:15>>11#90+3:9>>21}
6:11={11_1:3#false-m60-s10-a33-p#true-m80-s10-a23#false-m85-s9-a10#false-m90+4-s36-a10^#true-m58-yfalse-sfalse-p29#false-m63-ytrue-sfalse-p1#false-m71-ytrue-sfalse-p33#true-m90-ytrue-sfalse-p14}={1,25,38,17,22,8,11,16,18,19,10#34:38>>29#62:8>>14#62:19>>23#81:10>>33#81:11>>20}={1,5,19,31,25,6,30,34,33,14,10#77:14>>9#83:34>>36#87:33>>15#87:6>>23}
16:14={3_1:1#false-m67-s18-a18-og#true-m82-s10-a-p^#false-m22-ytrue-sfalse-p31#true-m31-ytrue-sfalse-p34#false-m65-ytrue-sfalse-p5#true-m67-ytrue-sfalse-p8}={1,32,23,36,18,21,10,35,34,7,19#65:7>>8#73:21>>6#73:34>>22}={1,33,5,8,3,24,18,15,21,31,9#40:1>>16#63:15>>20#73:24>>29#73:3>>23}
3:8={29_3:0#true-m26-s6-a22#true-m70-s7-a18-p#true-m89-s3-a^#false-m25-ytrue-sfalse-p3#true-m28-ytrue-sfalse-p4#false-m44-ytrue-sfalse-p5#true-m62-ytrue-sfalse-p39#false-m90+1-ytrue-sfalse-p34}={1,3,6,22,4,8,44,18,7,10,9#46:22>>39#63:8>>25#63:10>>19#82:44>>14#87:18>>11}={21,30,5,23,17,3,27,22,8,34,9#64:17>>7#64:8>>32#75:27>>29#75:22>>18#84:5>>28}
11:17={14_5:0#true-m3-s18-a27#true-m13-s30-a10#true-m45+2-s27-a10#true-m52-s10-a7-p#true-m89-s36-a7^#false-m59-ytrue-sfalse-p6}={1,5,31,25,28,30,34,27,18,10,9#20:18>>7#73:9>>14#73:34>>33#83:10>>36#83:27>>16}={1,27,5,2,6,8,30,31,19,17,9#46:17>>10#46:30>>20#46:31>>16#82:8>>18#88:9>>36}
13:12={12_2:2#true-m6-s18-a29-p#false-m36-s7-a18#true-m45+2-s9-a-p#false-m82-s4-a22-og^#false-m45-ytrue-sfalse-p4#true-m64-ytrue-sfalse-p6}={27,18,15,19,4,35,5,20,6,29,9#46:18>>8#66:29>>21#79:9>>11#79:35>>14#85:5>>7}={23,4,2,5,24,26,25,6,28,18,7#63:28>>40#71:25>>9#71:2>>22#81:4>>11}
15:10={27_0:3#false-m44-s10-a15-p#false-m52-s11-a9#false-m86-s9-a10^#true-m18-ytrue-sfalse-p20#true-m38-ytrue-sfalse-p6#true-m66-ytrue-sfalse-p25}={1,6,2,22,19,20,25,28,33,16,11#60:11>>7#60:28>>27#76:33>>8#76:16>>36#77:25>>23}={1,14,20,2,21,5,6,8,15,10,11#46:15>>9#88:6>>23#88:11>>27#90+2:20>>31#90+2:10>>7}
18:9={22_2:2#true-m17-s22-a-p#true-m37-s8-a22#false-m61-s33-a27#false-m75-s19-a27^#false-m29-ytrue-sfalse-p19#false-m50-ytrue-sfalse-p27#false-m54-ytrue-sfalse-p20#false-m54-ytrue-sfalse-p9#true-m77-ytrue-sfalse-p22#true-m88-ytrue-sfalse-p8}={1,4,24,15,8,3,16,31,23,22,14#72:16>>7#72:14>>2#85:31>>9#90:8>>10}={1,19,20,13,18,3,15,28,11,9,33#46:18>>27#46:11>>32#80:3>>8#87:15>>10}
2:1={10_2:3#true-m45-s11-a13#false-m45+4-s27-a7#false-m48-s9-a21#false-m80-s10-a9#true-m83-s9-a13^#false-m36-ytrue-sfalse-p6#true-m45+3-ytrue-sfalse-p6#false-m82-ytrue-sfalse-p9#true-m90+1-ytrue-sfalse-p28}={1,16,13,15,6,24,32,7,28,9,11#60:6>>22#69:32>>19#69:7>>10}={1,27,17,21,20,18,6,29,7,9,25#36:6>>24#69:29>>10#69:17>>8}
7:6={13_2:1#true-m5-s8-a17#true-m26-s9-a8#false-m87-s23-a22^#false-m30-ytrue-sfalse-p14#false-m45+3-ytrue-sfalse-p16#true-m48-ytrue-sfalse-p25#false-m82-ytrue-sfalse-p22}={1,25,4,15,27,20,7,24,8,17,9#62:17>>14#71:7>>31#71:8>>40#90:24>>34}={1,25,32,17,22,14,11,16,18,19,10#59:11>>23#59:19>>20#74:18>>9#86:32>>33}
5:4={15_4:3#false-m18-s13-a36-p#true-m27-s13-a19#false-m29-s13-a10#true-m41-s13-a27#true-m68-s9-a19#true-m82-s15-a11#false-m90+4-s19-a7^#true-m18-ytrue-sfalse-p1#false-m45+4-ytrue-sfalse-p25#false-m46-ytrue-sfalse-p36#true-m51-ytrue-sfalse-p8#true-m84-ytrue-sfalse-p27#true-m86-ytrue-sfalse-p19}={1,12,18,11,15,8,5,27,13,9,19#80:13>>38#85:8>>6}={1,25,30,28,18,23,6,32,13,36,10#46:32>>11#63:36>>19#74:6>>22#74:18>>14#80:10>>7}
1:16={28_1:1#false-m45-s35-a19#true-m62-s29-a18^#true-m15-ytrue-sfalse-p5#false-m32-ytrue-sfalse-p10#false-m43-ytrue-sfalse-p5#false-m90+4-ytrue-sfalse-p1}={1,27,17,21,5,8,42,29,11,9,25#19:21>>18#63:29>>7#63:11>>10#63:42>>13}={1,5,32,23,36,21,10,35,6,7,19#66:10>>17#72:6>>34#90+1:7>>22}
4:15={19_1:1#true-m5-s32-a13#false-m88-s20-a^#false-m38-ytrue-sfalse-p8#false-m62-ytrue-sfalse-p32#false-m65-ytrue-sfalse-p6#false-m66-ytrue-strue-p32#true-m90+2-ytrue-sfalse-p10}={1,30,28,18,17,6,32,13,11,36,7#67:7>>19#78:13>>10#89:32>>8}={1,6,2,22,19,20,8,33,16,27,7#54:2>>32#65:7>>11#65:27>>28#82:16>>23}
6:18={21_3:3#true-m16-s14-a25#false-m18-s22-a3#false-m27-s14-a22#true-m48-s17-a27#true-m71-s27-a11-p#false-m90+3-s4-a9^#true-m4-ytrue-sfalse-p17#false-m30-ytrue-sfalse-p8#true-m77-ytrue-sfalse-p38#false-m89-ytrue-sfalse-p4#true-m90+5-ytrue-sfalse-p8}={1,25,6,38,17,14,8,11,18,9,27#76:11>>20#86:14>>33#90+1:27>>35}={1,2,4,15,8,7,10,3,23,22,14#32:22>>9#59:7>>24#59:10>>31#75:15>>21#75:8>>20}
12:7={9_0:2#false-m3-s9-a27#false-m24-s24-a9^#false-m86-ytrue-sfalse-p24}={23,2,5,24,17,33,25,6,8,18,7#39:25>>9#46:17>>22#77:8>>15#77:18>>10}={1,25,4,15,27,20,7,14,24,8,9#74:8>>40#80:7>>11#89:14>>17#89:9>>21}
17:5={5_1:2#false-m27-s9-a27#true-m47-s1-a-og#false-m88-s6-a23^#false-m65-ytrue-sfalse-p6}={1,27,23,2,6,8,30,19,20,10,9#63:9>>36#80:20>>16#80:10>>17#90:30>>21}={1,22,4,11,15,8,5,27,13,9,19#46:8>>23#50:5>>6#68:13>>14#80:11>>10#80:19>>38}
9:3={25_1:1#true-m43-s27-a2#false-m57-s9-a3^#false-m9-ytrue-sfalse-p18#false-m45-ytrue-sfalse-p25#true-m48-ytrue-sfalse-p25#true-m59-ytrue-sfalse-p8#true-m83-ytrue-sfalse-p19}={1,19,25,13,2,27,3,15,10,8,33#63:15>>28#79:33>>9}={1,3,6,5,14,8,44,18,25,7,19#46:19>>9#46:25>>10#46:5>>4#72:18>>21}
10:2={7_2:5#true-m33-s10-a11#false-m47-s9-a23#false-m49-s9-a19#false-m62-s9-a#false-m70-s13-a24#true-m79-s10-a8-p#false-m79-s9-a22^#false-m10-ytrue-sfalse-p13#true-m61-ytrue-sfalse-p10}={1,14,20,2,21,5,6,8,10,11,9#76:9>>27#76:6>>23#76:11>>7#85:2>>17#85:21>>42}={1,16,13,15,19,23,8,24,28,9,11#62:8>>22#76:23>>26#77:11>>32#85:13>>14#85:9>>18}
8:13={16_1:3#false-m2-s9-a35#false-m34-s9-a7#false-m40-s9-a5#true-m63-s18-a22^#false-m66-ytrue-sfalse-p19}={21,30,23,3,32,22,8,7,34,9,18#46:34>>27#84:9>>11#88:8>>14}={27,18,42,19,4,35,5,20,8,9,7#70:20>>14#70:7>>21#80:9>>11#90+2:35>>15}
14:11={24_1:2#false-m27-s14-a32#true-m36-s28-a18#false-m72-s10-a32^#true-m31-ytrue-sfalse-p18#false-m35-ytrue-sfalse-p32#false-m90+3-ytrue-sfalse-p23}={1,5,8,3,22,24,18,21,28,31,9#65:24>>15#65:18>>20#79:31>>19#79:3>>29#83:21>>7}={1,5,31,25,28,30,33,14,27,32,10#30:33>>21#73:14>>36#73:32>>7#84:30>>6#85:27>>23}
7:16={8_5:3}
2:14={1_1:2}
3:17={11_2:1}
11:9={17_3:3}
15:8={20_1:1}
18:1={15_1:3}
4:12={10_4:1}
5:10={18_0:0}
13:6={22_1:1}
10:11={5_3:1}
8:4={24_2:2}
9:2={28_1:1}
14:7={13_2:2}
17:13={9_2:1}
1:3={21_3:3}
16:18={27_1:2}
12:5={6_0:3}
6:15={3_3:1}
7:9={19_2:1}
2:18={8_1:5}
3:16={25_2:0}
4:10={11_1:1}
8:17={15_2:0}
13:14={29_0:1}
11:1={7_1:1}
15:12={10_2:2}
5:6={16_4:1}
9:4={6_3:3}
10:13={14_0:0}
16:2={20_1:2}
18:11={22_2:2}
12:8={13_0:2}
1:7={9_2:1}
6:3={18_0:1}
14:5={24_0:4}
17:15={12_0:1}
11:2={15_2:1}
3:14={5_0:0}
4:6={27_1:2}
12:17={7_0:1}
13:16={28_0:1}
15:9={21_0:2}
5:1={29_1:2}
8:10={17_4:1}
7:18={3_1:0}
6:8={11_1:3}
9:5={5_2:1}
14:15={25_0:1}
16:11={24_0:2}
17:4={22_0:1}
10:12={13_3:0}
18:3={8_0:1}
2:7={10_2:0}
1:13={19_5:2}
4:1={15_3:2}
5:16={6_1:1}
8:14={20_5:0}
11:7={12_2:2}
12:6={29_4:0}
13:9={7_0:2}
3:2={21_1:3}
15:18={18_1:4}
17:10={28_1:0}
11:5={3_1:0}
2:13={13_1:1}
6:17={9_0:0}
7:3={24_2:2}
14:10={27_0:0}
16:15={22_2:0}
18:4={5_2:2}
1:8={8_2:1}
9:12={10_3:1}
4:16={1:0}
5:2={2:1}
10:6={0:3}
13:7={0:2}
12:14={21_1:2}
3:11={19_1:0}
8:9={28_2:2}
15:1={14_0:1}
17:18={11_3:0}
4:2={10_4:2}
5:7={9_0:1}
8:18={24_2:1}
13:3={8_3:2}
15:11={5_2:1}
17:9={20_1:5}
10:16={18_1:4}
12:1={22_0:4}
6:14={13_3:0}
18:13={27_2:0}
1:6={6_4:1}
2:15={12_3:1}
9:10={3_3:1}
11:4={7_1:1}
16:12={25_1:1}
3:5={15_1:0}
14:17={29_3:1}
7:8={17_3:0}
10:1={20_0:1}
5:18={13_5:2}
8:2={5_2:1}
12:3={16_0:3}
13:11={22_1:0}
15:7={11_0:2}
4:14={8_1:2}
6:9={21_1:3}
17:16
3:15={29_2:1}
2:6={7_2:2}
5:13={28_2:2}
16:8={10_0:0}
18:10={15_1:1}
11:12={18_0:0}
9:14={27_2:0}
7:4={24_0:0}
1:17={3_3:3}
17:7={5_0:3}
4:13={19_1:2}
8:11={25_0:1}
9:1={22_2:1}
14:18={6_0:1}
12:2={21_0:4}
15:5={8_1:1}
10:3={13_0:3}
6:16={20_4:0}
16:9={11_2:1}
1:14={16_5:1}
2:17={17_3:0}
7:10={7_2:0}
18:12={28_5:1}
3:4={10_3:2}
11:6={24_1:1}
13:15={18_0:1}
5:8={29_1:2}
12:13
4:5
6:7
8:3
9:18
10:15
1:2
14:16
17:11
15:4
7:12
11:14
13:8
16:1
2:10
5:17
3:9
18:6
17:3
1:18
9:11
14:2
16:7
12:4
6:13
10:5
8:15
2:9
3:1
4:8
5:12
7:14
11:10
13:17
15:6
18:16
17:8
1:11
9:7
10:4
16:3
18:2
12:15
14:13
6:5
2:16
3:6
4:9
5:14
7:1
8:12
11:18
13:10
15:17
1:5
2:11
6:4
9:15
10:8
14:3
16:13
17:12
18:7
3:18
4:17
5:9
7:2
8:6
11:16
12:10
13:1
15:14
1:4
2:3
6:12
7:11
9:13
10:17
14:8
16:5
18:15
3:7
4:18
5:11
8:1
10:14
12:9
13:2
15:16
17:6
1:15
2:5
6:10
7:13
9:8
11:3
14:12
16:4
18:17
