8:1={8_1:1#true-m10-s14-a13#false-m42-s9-a6^#true-m57-ytrue-sfalse-p13#true-m90-ytrue-sfalse-p32}={1,30,28,18,29,6,32,13,11,7,14#64:14>>10#64:7>>23#72:11>>37#90+1:32>>22}={1,19,44,4,2,7,8,6,25,9,10#75:10>>11#75:7>>42#82:44>>20#82:25>>13}
4:17={24_1:0#true-m22-s9-a19^#false-m4-yfalse-sfalse-p23#false-m29-ytrue-sfalse-p29#false-m88-ytrue-sfalse-p20}={1,20,25,4,19,15,27,24,11,17,9#70:11>>29#81:24>>23#81:17>>31#87:15>>14}={1,3,2,24,29,22,8,20,23,10,9#46:10>>27#78:2>>11#89:24>>35}
7:6={15_1:1#true-m7-s14-a10#false-m12-s19-a30^#false-m28-ytrue-sfalse-p19}={1,25,5,23,31,28,24,8,14,32,10#64:14>>9#64:32>>7#73:10>>36#81:24>>17#82:28>>6}={1,5,30,6,4,11,20,10,25,19,14#76:11>>7#89:14>>17#89:25>>15}
9:18={25_5:1#true-m30-s3-a20#true-m36-s21-a31#true-m55-s4-a24#true-m61-s18-a24#true-m76-s4-a24#false-m90+3-s40-a11^#false-m53-ytrue-sfalse-p33}={1,2,4,5,24,3,20,16,31,30,18#9:16>>21#65:18>>44#65:31>>10#69:44>>11}={30,4,5,27,23,18,37,33,8,10,16#58:8>>14#59:16>>11#70:37>>6#85:10>>40}
13:11={4_0:4#false-m37-s7-a27#false-m79-s23-a27#false-m87-s33-a27#false-m90+5-s16-a33^#false-m19-ytrue-sfalse-p17#false-m62-ytrue-sfalse-p16#true-m89-ytrue-sfalse-p6}={1,6,2,22,19,30,28,24,14,16,7#59:14>>10#64:28>>20#64:24>>11#81:16>>17#81:22>>3}={1,25,38,14,17,16,13,22,7,10,27#52:17>>30#59:7>>23#59:10>>20#73:25>>18#74:14>>33}
15:10={11_0:0^#true-m17-ytrue-sfalse-p19#true-m30-ytrue-sfalse-p5#false-m34-ytrue-sfalse-p14#false-m37-ytrue-sfalse-p5#false-m75-ytrue-sfalse-p27#true-m89-ytrue-sfalse-p9#false-m90+3-ytrue-sfalse-p11}={1,27,5,4,2,16,11,19,8,9,10#67:11>>21#77:5>>15#77:4>>6#77:10>>18#90:9>>23}={26,30,5,3,4,32,27,29,14,7,9#62:5>>23#70:14>>8#70:29>>22#85:9>>11#86:32>>19}
3:5={20_5:2#true-m23-s11-a9#false-m27-s30-a19-og#true-m32-s10-a9#true-m34-s9-a#true-m58-s7-a9#true-m70-s9-a11#false-m86-s23-a21}={1,16,30,14,22,8,10,11,7,28,9#73:10>>21#73:22>>6#78:28>>47#87:7>>27#87:11>>18}={1,24,13,2,27,20,3,15,10,8,19#46:3>>25#46:27>>29#46:15>>23#69:20>>7#86:10>>21}
12:2={18_1:0#true-m12-s19-a^#false-m7-ytrue-sfalse-p44#true-m48-ytrue-sfalse-p26#false-m80-ytrue-sfalse-p7}={27,16,42,3,19,30,8,7,26,25,29#86:25>>35#89:26>>43#90+1:7>>15}={1,3,22,4,2,14,10,8,44,18,33#64:18>>17#64:14>>7#64:8>>11#82:22>>21}
16:14={9_3:1#false-m6-s19-a10#true-m41-s27-a29#true-m52-s11-a27#true-m55-s11-a2^#true-m16-ytrue-sfalse-p4#true-m67-ytrue-sfalse-p5#true-m77-ytrue-sfalse-p29#true-m80-ytrue-sfalse-p28#false-m90-ytrue-sfalse-p21#false-m90+4-ytrue-sfalse-p8}={1,5,14,4,2,11,7,28,29,27,13#68:13>>18#76:27>>9#76:11>>21#76:7>>6#84:2>>19}={1,31,2,21,5,18,27,8,29,10,19#59:2>>13#59:27>>42#65:10>>11#65:19>>23}
2:9={2_4:0#true-m38-s17-a#true-m46-s10-a33#true-m52-s17-a18#true-m65-s33-a-p^#false-m64-ytrue-sfalse-p4#false-m68-ytrue-sfalse-p20#false-m71-ytrue-sfalse-p5}={1,32,16,4,2,14,10,8,18,17,33#68:8>>7#68:17>>27#69:33>>11#76:4>>22#82:18>>9}={1,2,4,5,24,3,20,21,31,30,18#46:18>>10#73:21>>8#73:31>>9#81:20>>11#84:5>>15}
5:13={13_0:0^#false-m9-ytrue-sfalse-p32#true-m19-ytrue-sfalse-p19#false-m49-ytrue-sfalse-p2#false-m55-ytrue-sfalse-p8#true-m67-ytrue-sfalse-p8#true-m87-ytrue-sfalse-p25}={1,37,13,25,2,23,7,10,29,8,19#70:23>>15#80:7>>20#80:29>>21}={1,32,2,22,4,19,30,28,14,16,7#17:7>>24#48:14>>8#72:30>>3#72:28>>11#72:32>>20}
10:3={17_2:1#true-m6-s32-a27#true-m53-s22-a9#false-m59-s14-a30-og^#false-m19-ytrue-sfalse-p21#false-m34-ytrue-sfalse-p8#false-m61-ytrue-sfalse-p16#false-m76-ytrue-sfalse-p13#true-m86-ytrue-sfalse-p11}={26,30,3,4,32,27,29,14,22,7,9#71:9>>11#71:22>>20#71:29>>19#84:32>>17#86:14>>8}={1,16,30,14,22,8,11,7,28,9,21#38:14>>13#70:7>>19#79:28>>15#79:30>>23#79:21>>18}
14:4={12_1:2#true-m60-s11-a-p#false-m74-s20-a24#false-m88-s10-a7^#true-m29-ytrue-sfalse-p27#false-m31-ytrue-sfalse-p19#false-m73-ytrue-sfalse-p15}={1,4,2,21,5,18,27,16,8,11,7#43:27>>19#68:16>>23#84:4>>25#85:8>>42#85:7>>29}={1,20,25,4,19,15,27,24,11,17,9#70:11>>7#70:17>>10#89:15>>31#90+1:24>>23}
17:12={10_2:0#true-m21-s17-a9#true-m56-s40-a9^#true-m54-ytrue-sfalse-p20#false-m56-ytrue-sfalse-p5#false-m67-ytrue-sfalse-p8#true-m87-ytrue-sfalse-p1#false-m89-ytrue-sfalse-p31#true-m90+3-ytrue-sfalse-p10#true-m90+4-ytrue-sfalse-p9}={1,37,3,2,24,17,8,20,27,40,9#60:2>>11#71:27>>4#71:20>>16#81:17>>10}={27,16,42,3,19,30,8,7,26,25,29#46:25>>31#46:26>>5#46:42>>4#62:7>>28#67:16>>22}
18:15={16_1:1#false-m45-s9-a27#true-m50-s10-a-p^#true-m5-ytrue-sfalse-p33#true-m14-ytrue-sfalse-p16#false-m54-ytrue-sfalse-p8#true-m59-ytrue-sfalse-p14#true-m62-ytrue-sfalse-p4#false-m68-ytrue-strue-p8}={30,4,5,27,18,37,14,33,11,10,16#71:14>>13#78:16>>28#86:11>>40}={1,27,5,4,2,16,11,19,8,9,10#67:27>>15#75:9>>18#75:10>>23#90+1:11>>21}
6:8={1_4:0#true-m3-s5-a4#true-m8-s14-a19#true-m55-s19-a5#true-m87-s11-a27^#true-m34-ytrue-sfalse-p10#true-m41-ytrue-sfalse-p5#true-m48-ytrue-sfalse-p7#false-m75-ytrue-sfalse-p6#false-m76-ytrue-sfalse-p11#true-m90+1-ytrue-sfalse-p19}={1,5,30,6,4,20,10,25,19,7,14#68:7>>11#68:25>>8#81:14>>17#81:10>>27#84:20>>15}={1,30,28,18,29,23,6,32,13,14,10#20:10>>11#45+1:18>>25#63:14>>7#63:28>>20}
11:7={19_2:2#false-m10-s23-a6#true-m14-s25-a13#true-m30-s7-a27#false-m47-s14-a10^#false-m45-ytrue-sfalse-p8#true-m80-ytrue-sfalse-p18#false-m82-ytrue-sfalse-p5#false-m90+4-ytrue-strue-p5}={1,25,38,14,17,16,13,22,7,10,27#62:7>>23#63:10>>33#79:14>>20#79:16>>18}={1,5,23,3,31,24,8,6,14,32,10#60:32>>7#69:23>>28#69:14>>9#85:24>>36}
1:16={14_3:2#true-m50-s9-a42#true-m59-s7-a25#false-m60-s27-a14#false-m62-s13-a19#true-m71-s7-a6^#false-m20-ytrue-sfalse-p7#true-m76-ytrue-sfalse-p4}={1,19,23,4,2,7,8,6,25,9,10#46:23>>42#46:10>>44#66:8>>24#76:7>>13#88:19>>15}={1,5,19,14,22,11,7,28,29,27,13#66:13>>18#69:11>>9#76:7>>21#76:27>>25}
3:11={25_3:2#true-m49-s7-a22#false-m61-s14-a8#true-m69-s22-a#false-m90-s10-a25#true-m90+1-s9-a18^#false-m1-ytrue-sfalse-p14#false-m7-ytrue-sfalse-p38#false-m20-ytrue-sfalse-p8#true-m36-ytrue-sfalse-p8#true-m54-ytrue-sfalse-p24}={1,16,13,24,22,8,11,7,28,9,21#63:7>>19#72:22>>39#84:13>>30#84:21>>18}={1,25,38,14,8,17,16,13,22,7,27#46:13>>33#70:7>>20#70:14>>23#83:8>>10}
9:10={24_2:3#false-m3-s29-a30#false-m9-s29-a30#false-m28-s9-a22#true-m45-s5-a18#true-m45+2-s18-a3^#true-m13-ytrue-sfalse-p20#true-m55-ytrue-sfalse-p31#false-m89-ytrue-sfalse-p20}={1,2,4,5,24,3,20,21,31,30,18#61:5>>37#70:20>>10#77:21>>8}={26,30,17,3,4,32,27,29,14,22,9#46:27>>5#46:32>>8#46:14>>19#81:22>>20#89:29>>11}
12:18={15_3:0#true-m15-s23-a8#true-m18-s28-a30#true-m90+2-s22-a9^#false-m22-ytrue-sfalse-p5#true-m25-ytrue-sfalse-p16#true-m28-ytrue-sfalse-p31#false-m45-ytrue-sfalse-p33}={27,16,23,19,4,30,8,5,31,29,28#75:29>>9#75:31>>6#83:5>>7#88:23>>3#89:28>>22}={30,4,5,27,18,37,14,33,11,10,16#46:27>>13#60:37>>40#72:16>>28}
13:6={3_1:4#false-m3-s22-a14-og#false-m14-s7-a10-og#true-m30-s7-a#false-m75-s14-a27#false-m81-s27-a10^#false-m66-ytrue-sfalse-p10}={1,2,22,4,19,20,30,8,28,16,7#67:20>>24#76:7>>11#76:8>>3#84:28>>17#84:2>>32}={1,5,30,6,4,20,10,25,19,7,14#65:25>>8#65:7>>27#81:10>>11#84:19>>31#84:5>>22}
15:5={6_1:1#false-m22-s23-a37#true-m86-s20-a9^#false-m7-ytrue-sfalse-p2#false-m45-ytrue-sfalse-p25#false-m90+7-ytrue-sfalse-p7}={1,27,5,4,2,16,11,19,21,9,18#61:5>>6#71:18>>10#81:16>>20}={1,37,13,25,2,23,7,15,29,8,19#73:15>>27#81:29>>21#89:19>>39}
16:17={5_2:1#true-m82-s21-a11#true-m90+1-s25-a31#false-m90+4-s9-a22^#true-m27-ytrue-sfalse-p22#true-m38-ytrue-sfalse-p18#false-m55-ytrue-sfalse-p9}={1,5,14,22,2,18,11,7,28,9,27#46:22>>15#71:9>>25#78:7>>21#88:18>>6#88:11>>31}={1,37,3,24,11,17,8,20,27,40,9#71:17>>22#78:27>>38#84:11>>35}
1:14={11_5:0#true-m6-s25-a19#true-m35-s9-a7#true-m49-s42-a25#true-m70-s9-a10#true-m84-s9-a23}={1,19,44,4,2,7,8,6,25,42,9#46:2>>23#61:42>>10#67:7>>11#80:44>>20#81:25>>13}={1,4,17,5,42,18,8,29,19,11,7#20:19>>16#60:42>>23#61:11>>14#61:7>>13#78:8>>6}
7:8={4_2:1#true-m22-s23-a24#true-m41-s14-a10#false-m90+1-s23-a22^#true-m45-ytrue-sfalse-p24#true-m52-ytrue-sfalse-p28}={1,25,23,3,31,28,24,8,7,14,10#61:24>>6#73:14>>17#82:7>>36#82:8>>33#82:10>>9}={1,25,15,30,29,23,6,32,13,11,14#46:6>>8#46:11>>7#72:14>>37#84:32>>22}
4:2={20_1:0#true-m52-s15-a11^#false-m26-ytrue-sfalse-p32#true-m35-ytrue-sfalse-p11#false-m35-ytrue-sfalse-p14#true-m65-ytrue-sfalse-p24#true-m70-ytrue-sfalse-p23#true-m89-ytrue-sfalse-p15}={1,20,25,4,19,15,27,24,11,17,9#70:24>>23#78:17>>10#88:11>>29}={1,32,16,4,2,14,10,8,18,17,33#59:8>>27#68:17>>9#86:14>>44#86:32>>22#86:2>>21}
6:3={18_3:4#true-m9-s27-a7#false-m37-s9-a24#true-m45+1-s14-a27#false-m49-s19-a9#true-m55-s19-a10#false-m71-s13-a22#false-m77-s9-a11-p^#false-m20-ytrue-sfalse-p24#true-m60-ytrue-sfalse-p27#false-m60-ytrue-sfalse-p9#true-m70-ytrue-sfalse-p30#true-m75-ytrue-sfalse-p6#true-m86-ytrue-sfalse-p19#false-m90+2-ytrue-sfalse-p39}={1,5,30,6,4,8,10,27,19,7,14#63:7>>31#79:14>>13#79:10>>38}={1,16,13,24,34,22,19,8,11,28,9#66:28>>21#84:34>>15#90:22>>39}
7:13={14_0:0^#false-m36-ytrue-sfalse-p4#true-m41-ytrue-sfalse-p8#false-m86-ytrue-sfalse-p30}={1,25,5,23,31,28,8,30,7,14,10#22:30>>24#72:7>>21#72:10>>9#86:28>>6#86:14>>27}={1,32,6,2,22,4,20,30,28,16,7#63:7>>9#63:16>>21#78:20>>24#78:28>>3#90+1:30>>10}
10:16={13_1:1#false-m33-s27-a2#true-m89-s5-a33-og^#false-m51-ytrue-sfalse-p11#false-m69-ytrue-sfalse-p27#true-m74-ytrue-sfalse-p20#false-m74-ytrue-strue-p11}={26,30,17,3,4,8,32,29,14,22,9#46:8>>19#72:22>>18#72:29>>20#82:9>>11#87:17>>33}={1,5,14,22,2,11,7,6,9,27,13#62:13>>28#69:27>>18#69:6>>25#82:9>>31#82:7>>21}
11:12={8_0:2#false-m21-s29-a31#false-m77-s11-a6^#true-m39-ytrue-sfalse-p20#true-m70-ytrue-sfalse-p22#false-m86-ytrue-sfalse-p42}={1,38,28,20,8,17,16,33,22,7,27#46:38>>3#46:20>>14#58:16>>11#73:8>>10#73:7>>29}={27,16,23,19,4,30,8,5,31,29,9#33:19>>42#60:9>>28#76:29>>11#76:8>>7#76:5>>6}
18:4={9_0:2#false-m10-s10-a9#false-m90+1-s9-a7-p^#false-m14-ytrue-sfalse-p9#false-m30-ytrue-sfalse-p20#true-m41-ytrue-sfalse-p33#false-m80-ytrue-sfalse-p28#true-m90-ytrue-sfalse-p22}={30,4,18,24,15,37,22,33,10,19,16#60:37>>13#67:15>>32#68:10>>11#79:16>>40}={1,20,3,4,27,31,23,10,17,7,9#67:20>>19#67:17>>28#73:4>>25#81:10>>11}
2:1={1_1:4#false-m12-s9-a-p#false-m47-s42-a19#false-m54-s10-a42#true-m58-s27-a44#false-m90+2-s13-a6}={1,3,22,4,2,44,27,18,25,17,33#58:3>>32#58:25>>10#58:27>>8#71:33>>9#80:4>>16}={1,19,21,5,2,7,8,6,25,9,10#45+1:7>>42#59:8>>18#59:9>>13#75:5>>4#75:25>>44}
5:9={12_1:1#true-m79-s10-a8#false-m88-s17-a7^#false-m32-ytrue-sfalse-p17#false-m36-ytrue-sfalse-p2#true-m57-ytrue-sfalse-p25#false-m69-ytrue-sfalse-p7#false-m77-ytrue-sfalse-p23#false-m82-yfalse-sfalse-p2}={1,37,13,25,2,23,7,15,29,8,9#59:29>>10#59:7>>6#70:9>>19#80:37>>24#81:23>>39}={1,2,4,5,24,3,16,21,31,30,17#62:30>>7#62:31>>34#70:24>>37#70:21>>23#80:4>>18}
17:14={17_1:3#false-m37-s8-a6#false-m43-s8-a14#true-m59-s9-a17#false-m78-s11-a6^#false-m47-ytrue-sfalse-p29#false-m54-ytrue-sfalse-p17#false-m75-ytrue-sfalse-p42}={1,37,3,24,16,17,38,8,20,40,9#63:8>>23#82:37>>5#82:16>>22#82:17>>11}={1,4,13,5,25,6,30,23,8,29,14#32:13>>42#46:25>>17#46:30>>44#57:23>>11#73:14>>27}
8:15={19_3:1#true-m35-s13-a20#false-m45+2-s11-a19#true-m69-s13-a7#true-m72-s8-a7^#true-m68-ytrue-sfalse-p29#false-m75-ytrue-sfalse-p21}={1,15,30,28,20,29,23,32,13,8,14#46:23>>11#58:20>>7#67:32>>22#77:13>>36}={1,27,15,5,4,11,19,8,20,21,9#70:20>>10#77:9>>23#77:11>>18}
14:18={20_2:1#false-m57-s10-a28-p#true-m61-s10-a31#true-m79-s4-a23-og^#true-m43-ytrue-sfalse-p27#false-m51-ytrue-sfalse-p16#false-m78-ytrue-sfalse-p32}={1,4,31,21,5,42,27,8,29,14,11#27:4>>44#46:21>>30#59:14>>7#60:27>>10#68:11>>23}={30,4,18,24,15,28,22,33,10,19,16#64:19>>11#64:15>>32#82:28>>40#88:33>>6}
1:17={23_7:0#true-m17-s10-a7#true-m27-s6-a10#true-m32-s7-a25#true-m43-s24-a-og#true-m61-s9-a10#true-m65-s6-a8#true-m79-s13-a25^#false-m35-ytrue-sfalse-p16#true-m52-ytrue-sfalse-p44}={1,19,21,44,4,7,8,6,25,9,10#46:19>>3#62:44>>20#62:10>>18#68:9>>13#72:6>>23}={1,37,3,24,16,17,8,20,23,27,40#57:16>>11#57:20>>38#58:40>>35#73:27>>22}
12:10={3_0:0^#true-m45-ytrue-sfalse-p42#false-m64-ytrue-sfalse-p4#true-m90+3-ytrue-sfalse-p27}={27,16,42,23,4,30,8,5,31,29,28#46:28>>9#59:29>>11#78:8>>6#88:5>>22}={26,30,5,17,3,4,19,14,22,9,20#66:9>>18#66:19>>8#81:22>>29#81:20>>32#90+4:17>>31}
13:8={2_1:0#true-m80-s7-a16^#true-m31-ytrue-sfalse-p28#false-m41-ytrue-sfalse-p15#false-m90+3-ytrue-sfalse-p8}={1,32,6,2,22,4,20,30,28,16,21#44:22>>3#66:21>>7#66:32>>9#85:20>>24#85:16>>10}={1,15,30,28,20,29,32,13,8,7,14#46:20>>11#81:7>>36#84:32>>22}
15:11={10_0:0^#true-m45-ytrue-sfalse-p20#true-m68-ytrue-sfalse-p10#false-m86-ytrue-sfalse-p27}={1,27,5,4,2,11,19,8,20,21,9#59:20>>10#74:9>>23#74:5>>6#82:6>>30}={1,3,28,14,11,17,18,22,9,7,27#56:7>>29#56:9>>23#71:14>>33}
16:2={4_1:1#true-m53-s27-a13#false-m71-s8-a17^#true-m16-ytrue-sfalse-p5#false-m76-ytrue-sfalse-p16#true-m76-ytrue-sfalse-p22#true-m79-ytrue-sfalse-p2}={1,5,14,15,2,18,7,28,29,27,13#31:5>>22#68:13>>19#68:27>>9#82:2>>6#82:29>>17}={1,32,16,4,2,8,44,18,25,17,33#57:25>>10#57:33>>9#85:8>>14#90+3:17>>27}
9:6={5_1:3#false-m2-s8-a5#false-m19-s14-a27#true-m38-s23-a5#false-m70-s27-a^#false-m31-yfalse-sfalse-p8#false-m36-ytrue-sfalse-p30#false-m37-ytrue-sfalse-p5#false-m58-ytrue-sfalse-p20#true-m63-ytrue-sfalse-p16#true-m75-ytrue-sfalse-p7}={1,37,4,5,24,7,3,16,23,30,17#60:37>>15#60:23>>18#71:16>>31#71:30>>21#83:7>>34}={1,5,30,6,4,8,20,38,27,19,14#39:38>>10#50:14>>33#86:27>>11#86:19>>31}
3:7={11_4:2#true-m10-s13-a8#true-m24-s9-a24#true-m52-s5-a11-og#false-m57-s10-a17-p#false-m81-s9-a23#true-m83-s9-a15^#false-m15-ytrue-sfalse-p5#true-m50-ytrue-sfalse-p15#false-m50-ytrue-sfalse-p23#true-m57-ytrue-sfalse-p28#false-m90+1-ytrue-sfalse-p6}={1,16,13,15,24,22,8,11,28,9,21#73:21>>39#84:8>>10#89:15>>34#89:11>>18}={1,25,5,23,31,8,7,21,6,14,10#55:14>>17#55:7>>36#71:8>>24#77:25>>18#77:10>>9}
4:5={25_1:1#false-m38-s9-a10#true-m70-s9-a7^#false-m9-ytrue-sfalse-p24#false-m29-ytrue-sfalse-p8#true-m35-ytrue-sfalse-p7#false-m45+1-ytrue-sfalse-p6#true-m51-ytrue-sfalse-p23#false-m53-ytrue-sfalse-p37#false-m68-ytrue-sfalse-p13#false-m87-ytrue-sfalse-p2}={1,3,4,19,27,31,23,11,28,7,9#46:11>>10#72:7>>20#86:31>>15}={1,24,37,13,2,6,15,10,8,19,9#72:9>>23#72:10>>29#82:15>>3#82:8>>7}
18:1={17_1:3#false-m10-s25-a19#false-m31-s6-a10#false-m68-s22-a6-og#true-m87-s19-a21^#true-m20-ytrue-sfalse-p10#false-m44-ytrue-sfalse-p10#false-m48-yfalse-sfalse-p5#true-m53-ytrue-sfalse-p24#true-m67-ytrue-sfalse-p11#true-m83-ytrue-sfalse-p32}={30,4,18,24,15,28,37,22,33,10,16#67:16>>11#76:15>>32#76:22>>21#76:10>>19#86:37>>40}={1,19,21,5,4,2,8,6,25,9,10#61:10>>18#76:25>>7#87:4>>44#87:8>>42}
2:14={19_6:0#true-m16-s18-a16#true-m23-s9-a18#true-m45+3-s22-a3#true-m60-s10-a18-p#true-m70-s18-a33#true-m77-s8-a21^#false-m25-ytrue-sfalse-p6#false-m59-ytrue-sfalse-p5#true-m62-ytrue-sfalse-p22#false-m85-ytrue-sfalse-p21}={1,3,32,16,22,4,10,8,44,18,9#55:32>>2#65:9>>33#65:44>>27#65:10>>21#74:18>>39}={1,31,21,5,42,18,6,10,8,29,7#46:6>>30#59:10>>23#59:7>>14#83:8>>9}
5:16={14_1:1#false-m14-s28-a14#true-m45+6-s19-a10^#true-m25-ytrue-sfalse-p22#false-m37-ytrue-sfalse-p7#false-m62-ytrue-sfalse-p19#true-m80-ytrue-sfalse-p13#false-m86-ytrue-sfalse-p9}={1,22,37,13,2,23,6,10,8,19,9#11:37>>24#61:9>>15#62:23>>29#85:8>>3}={1,5,14,15,2,18,11,7,28,9,27#35:15>>22#46:2>>19#46:7>>29#72:11>>21#85:18>>13}
6:12={6_1:0#true-m62-s27-a30^#true-m11-ytrue-sfalse-p4#false-m44-ytrue-sfalse-p23#true-m44-ytrue-sfalse-p19#false-m69-ytrue-sfalse-p6#true-m83-ytrue-sfalse-p5#false-m86-ytrue-sfalse-p7#true-m90+3-ytrue-sfalse-p13}={1,5,30,6,4,20,38,10,27,19,14#61:38>>31#66:6>>33#82:19>>13#82:14>>11#82:27>>7}={27,16,18,23,4,30,8,5,31,29,9#66:9>>11#66:8>>6#75:5>>7#75:31>>22#90+1:16>>26}
7:15={8_1:0#true-m88-s17-a27^#true-m83-ytrue-sfalse-p27}={1,25,5,23,31,28,8,21,14,10,9#36:25>>3#66:14>>17#66:9>>27#80:28>>6#80:21>>24}={1,27,5,4,2,11,19,8,21,9,10#62:10>>20#78:11>>16#78:21>>18#78:5>>30#81:27>>15}
11:4={18_3:1#false-m25-s20-a17#true-m45+2-s27-a28#true-m73-s14-a3#true-m81-s3-a17^#true-m50-ytrue-sfalse-p3#true-m78-ytrue-sfalse-p11#false-m78-ytrue-sfalse-p27#false-m80-ytrue-sfalse-p15}={1,3,28,14,11,17,18,22,23,9,27#69:9>>33#70:23>>7#79:14>>25#85:11>>8#85:22>>38}={1,20,25,4,19,15,27,23,28,17,9#76:17>>7#76:20>>10#83:15>>3}
8:3={1_1:0#true-m37-s8-a28^#false-m10-ytrue-sfalse-p8#true-m13-ytrue-sfalse-p8#true-m33-ytrue-sfalse-p13#false-m34-ytrue-sfalse-p34#false-m40-ytrue-strue-p8#true-m45+2-ytrue-sfalse-p20#true-m58-ytrue-sfalse-p17#false-m85-ytrue-sfalse-p22}={1,30,28,24,20,29,23,17,13,8,36#70:20>>11#73:17>>6#83:23>>22}={1,16,13,15,24,34,22,8,28,21,18#46:34>>10#57:18>>36#82:21>>20#82:13>>14#82:24>>39}
17:9={7_0:0^#false-m14-ytrue-sfalse-p24#false-m19-ytrue-sfalse-p31#true-m38-ytrue-sfalse-p37#false-m43-ytrue-sfalse-p18#false-m57-ytrue-sfalse-p3#false-m63-ytrue-sfalse-p7#true-m75-ytrue-sfalse-p4}={1,37,3,4,22,11,17,38,8,20,40#71:22>>10#78:38>>23#84:8>>16#84:17>>7}={1,2,5,24,7,3,16,31,23,18,17#46:18>>11#46:31>>22#85:7>>30#85:23>>10#85:5>>4}
10:13={16_3:0#true-m6-s17-a30#true-m25-s9-a8#true-m33-s32-a-p^#false-m73-ytrue-sfalse-p6}={26,30,5,17,3,4,8,32,27,29,9#61:27>>14#71:5>>22#71:29>>18#71:9>>11#86:8>>19}={1,32,6,2,4,3,20,30,28,16,7#46:28>>21#46:32>>8#72:30>>10#72:7>>24#88:16>>9}
16:18={12_3:1#false-m7-s18-a21#true-m50-s9-a2#true-m55-s28-a14#true-m89-s28-a21^#false-m24-ytrue-sfalse-p22#true-m68-ytrue-sfalse-p9}={1,5,14,22,2,18,11,28,9,27,13#68:18>>7#78:11>>17#78:27>>19#85:9>>21#85:2>>6}={1,4,18,24,15,28,22,33,21,10,16#63:10>>19#63:21>>40#70:22>>13#76:16>>11}
3:13={23_2:1#true-m10-s13-a21-p#false-m35-s21-a10#true-m51-s19-a11^#false-m13-ytrue-sfalse-p8#false-m15-ytrue-sfalse-p4#true-m44-ytrue-sfalse-p11#false-m53-ytrue-sfalse-p21}={1,16,13,15,24,22,19,11,28,39,21#51:24>>10#66:28>>23#66:15>>34#72:39>>14#72:21>>20}={1,6,2,4,3,20,8,10,5,9,21#63:9>>24#78:21>>7#78:10>>11#78:8>>17#86:3>>29}
4:8={24_1:3#false-m5-s36-a8#false-m7-s23-a36#true-m24-s7-a28#false-m90+5-s29-a1^#true-m4-ytrue-sfalse-p3#true-m10-ytrue-sfalse-p20#false-m35-ytrue-sfalse-p13#false-m36-ytrue-sfalse-p8#true-m59-ytrue-sfalse-p19#true-m67-ytrue-sfalse-p4#false-m71-ytrue-sfalse-p15#true-m76-ytrue-strue-p4#true-m81-ytrue-sfalse-p9#true-m90+3-ytrue-sfalse-p15}={1,20,3,4,19,27,31,23,28,7,9#46:3>>25#46:31>>15#66:28>>10#79:20>>17#79:23>>33}={1,15,30,28,20,29,23,17,13,8,36#58:20>>7#60:17>>6#82:13>>14}
9:11={13_3:1#true-m18-s4-a17#true-m60-s5-a#true-m81-s30-a7#false-m84-s7-a22^#false-m43-ytrue-sfalse-p18}={1,2,4,5,24,7,3,22,16,23,17#65:22>>30#76:17>>31#76:23>>28#89:7>>10#90:24>>6}={1,3,28,8,11,17,18,22,23,9,27#57:3>>25#57:18>>33#69:8>>7#69:9>>10#83:23>>16}
14:10={10_1:2#false-m17-s3-a30#true-m70-s9-a17#false-m78-s18-a27^#true-m29-ytrue-sfalse-p27#true-m69-ytrue-sfalse-p8#true-m90+4-ytrue-sfalse-p30}={1,4,31,21,5,27,23,8,29,19,7#46:7>>2#46:31>>9#58:23>>10#58:27>>30#64:19>>17}={26,30,5,17,3,4,8,32,27,29,9#62:8>>14#76:32>>18#76:29>>22#76:9>>11#84:17>>19}
2:17={9_3:0#true-m69-s33-a17#true-m73-s18-a33#true-m78-s18-a32^#true-m58-ytrue-sfalse-p3#false-m80-ytrue-sfalse-p23}={1,3,32,16,2,14,10,8,44,18,9#61:3>>22#69:10>>17#69:9>>33#79:44>>26#80:2>>27}={1,37,3,4,22,11,17,8,20,23,10#73:17>>40#77:20>>38#78:22>>27#78:10>>7#82:23>>6}
12:7={20_1:2#true-m39-s11-a9#false-m69-s14-a10#false-m73-s14-a17^#false-m45+2-ytrue-sfalse-p24#false-m65-ytrue-sfalse-p31#true-m75-ytrue-sfalse-p31#false-m79-ytrue-sfalse-p21#false-m82-ytrue-sfalse-p10#true-m90+2-ytrue-strue-p31}={27,16,18,23,4,30,8,31,29,11,9#20:4>>34#67:11>>5#67:29>>6#76:18>>19#76:8>>22}={1,5,23,3,31,24,8,21,6,14,10#62:24>>17#82:14>>9#83:10>>30}
1:5={2_1:2#true-m29-s8-a9#false-m32-s13-a10#false-m83-s10-a8^#true-m50-ytrue-sfalse-p19#true-m77-ytrue-sfalse-p2#false-m78-ytrue-sfalse-p23}={1,19,21,4,2,7,8,6,25,9,10#70:7>>42#75:4>>18#81:10>>13}={1,22,13,18,3,6,10,29,8,35,19#61:18>>24#61:29>>23#78:19>>9#84:35>>7}
15:6={25_0:4#false-m18-s19-a14#false-m24-s14-a27#false-m57-s14-a30#false-m90+2-s10-a38-p^#false-m7-ytrue-sfalse-p33#true-m10-ytrue-sfalse-p27#true-m55-ytrue-sfalse-p20#true-m66-ytrue-sfalse-p6#true-m90+2-ytrue-sfalse-p1}={1,27,6,4,2,11,19,8,20,21,9#62:20>>18#62:8>>16#77:6>>15#77:9>>10#77:21>>22}={1,30,33,6,4,20,10,27,31,19,14#64:33>>22#64:19>>7#75:20>>11#75:27>>38#75:14>>13}
11:16={15_5:0#true-m31-s9-a27#true-m49-s9-a25#true-m51-s14-a17#true-m74-s8-a18#true-m87-s38-a27^#true-m33-ytrue-sfalse-p3#false-m80-ytrue-sfalse-p5}={1,25,3,38,14,8,11,17,18,9,27#36:3>>28#73:14>>16#73:9>>33#81:17>>29#81:8>>7}={1,5,19,22,2,11,6,29,9,27,13#56:9>>18#56:22>>15#56:11>>21#75:19>>3#79:29>>25}
3:12={16_3:1#true-m3-s11-a24#true-m54-s9-a-p#false-m87-s29-a7#true-m90+4-s9-a22^#true-m13-ytrue-sfalse-p14#true-m35-ytrue-sfalse-p16#false-m50-ytrue-sfalse-p16#false-m64-ytrue-sfalse-p11#false-m71-ytrue-sfalse-p25#false-m89-ytrue-sfalse-p19}={1,16,15,24,14,22,19,23,11,9,21#66:21>>10#67:15>>34#78:19>>39#85:23>>28#85:11>>20}={27,16,23,19,30,8,5,6,25,11,9#46:23>>3#69:11>>42#69:16>>29#69:8>>7#83:6>>24}
5:14={1_1:2#false-m7-s23-a6#false-m63-s10-a17#true-m78-s39-a-p^#true-m29-ytrue-sfalse-p6#false-m40-ytrue-sfalse-p23#false-m89-ytrue-sfalse-p1}={1,22,13,2,20,23,6,10,29,8,9#46:22>>18#46:29>>15#60:9>>19#69:6>>39}={1,4,17,2,21,5,18,6,23,8,9#60:9>>10#61:23>>14#73:17>>30#83:6>>27}
7:4={19_2:0#true-m49-s14-a24#true-m82-s27-a9^#true-m38-ytrue-sfalse-p23#true-m55-ytrue-sfalse-p31#true-m79-ytrue-sfalse-p3#false-m86-ytrue-sfalse-p3}={1,5,23,3,31,24,8,21,6,14,10#72:24>>27#72:10>>9#84:14>>17#90+1:23>>20}={1,3,25,19,15,27,23,28,10,17,7#60:23>>8#60:7>>20#68:17>>9#83:28>>22}
10:2={18_1:1#false-m32-s10-a18-p#true-m63-s29-a32^#false-m44-ytrue-sfalse-p8#false-m57-ytrue-sfalse-p32#false-m85-ytrue-sfalse-p2#false-m88-ytrue-sfalse-p22}={26,30,5,3,4,25,8,32,27,29,9#46:5>>22#75:29>>18#80:22>>20#90+3:8>>14#90+4:32>>11}={1,32,16,4,2,10,8,44,18,17,9#67:10>>33#78:32>>3#78:17>>22}
18:17={6_0:1#false-m80-s8-a38^#true-m30-ytrue-sfalse-p33#false-m54-ytrue-sfalse-p1#false-m60-ytrue-sfalse-p8#false-m64-ytrue-sfalse-p4#true-m67-ytrue-sfalse-p19#false-m75-ytrue-sfalse-p24}={1,18,24,15,28,22,14,33,21,10,19#67:28>>37#72:19>>11#72:21>>40#83:15>>27}={1,3,2,24,4,17,38,8,20,27,40#62:17>>7#62:27>>10#88:38>>16#90+3:40>>15}
8:9={4_1:1#false-m15-s5-a17#true-m42-s23-a30^#false-m45+1-ytrue-sfalse-p16#true-m63-ytrue-sfalse-p17#false-m64-ytrue-sfalse-p22#true-m80-ytrue-sfalse-p7#true-m82-ytrue-sfalse-p37#false-m87-ytrue-sfalse-p4}={1,15,30,28,20,29,23,17,13,8,36#66:20>>7#66:13>>14#80:29>>37#86:17>>32}={33,37,4,5,24,7,3,22,16,28,17#74:7>>20#74:17>>19#89:16>>10}
6:1={11_1:5#false-m4-s9-a2#false-m30-s9-a19#false-m34-s25-a4#false-m35-s7-a25#false-m37-s7-a8#true-m55-s14-a27}={1,5,30,6,4,11,10,27,19,7,14#46:7>>12#64:30>>38#64:19>>31#79:14>>13#79:27>>3}={1,19,21,4,2,7,8,6,25,9,10#40:19>>44#46:8>>18#64:9>>42#64:25>>11#72:4>>3}
13:15={17_1:1#true-m19-s4-a20#false-m77-s5-a27^#false-m27-ytrue-sfalse-p20#true-m50-ytrue-sfalse-p16#true-m74-ytrue-sfalse-p28#true-m86-ytrue-sfalse-p9}={1,6,2,4,3,20,28,10,5,16,21#67:16>>9#67:21>>14#78:3>>22#85:28>>27#85:20>>17}={1,27,5,4,2,16,11,19,20,21,23#46:11>>8#46:20>>22#64:23>>9#88:21>>18}
12:13={9_4:1#true-m10-s9-a30#true-m15-s16-a29#true-m26-s29-a9#false-m69-s21-a28#true-m71-s29-a9^#false-m8-ytrue-sfalse-p4#false-m63-ytrue-sfalse-p6#false-m66-ytrue-sfalse-p16#true-m70-ytrue-sfalse-p3}={27,16,42,3,19,30,5,31,7,29,9#64:7>>8#76:5>>22#76:29>>11#82:30>>18#82:9>>28}={1,6,2,22,4,20,8,28,10,16,9#46:2>>5#46:9>>21#74:28>>3#85:20>>17#85:16>>32}
1:11={12_4:0#true-m16-s7-a42#true-m30-s9-a25#true-m82-s13-a2#true-m87-s11-a2^#false-m10-ytrue-sfalse-p18#false-m60-ytrue-sfalse-p16#false-m75-ytrue-sfalse-p17#false-m90+1-ytrue-sfalse-p11}={1,21,5,3,2,7,6,25,42,18,9#46:21>>4#65:25>>13#70:42>>11#76:18>>24#76:7>>10}={1,25,38,28,8,11,17,18,9,7,27#27:25>>33#57:18>>16#57:7>>29#82:9>>23#83:8>>13}
2:18={7_4:1#false-m45-s10-a40-p#true-m46-s9-a33#true-m53-s10-a9-p#true-m65-s17-a18#true-m88-s38-a17^#true-m15-ytrue-sfalse-p3#true-m36-ytrue-sfalse-p44}={1,3,32,39,22,4,10,8,44,18,33#46:44>>9#46:39>>2#64:33>>17#64:10>>14#85:18>>38}={1,4,18,24,15,13,28,22,10,19,40#72:15>>27#72:10>>21#82:19>>11#82:28>>32}
4:10={23_0:2#false-m27-s3-a32#false-m68-s9-a30^#true-m7-ytrue-sfalse-p11#true-m26-ytrue-sfalse-p23#true-m71-ytrue-sfalse-p19}={1,20,25,4,19,6,27,23,11,8,10#56:23>>28#56:6>>17#80:11>>22#88:25>>3}={26,30,5,17,3,4,8,32,27,29,9#69:5>>20#78:9>>18#78:29>>11#87:17>>19#87:32>>25}
15:3={3_1:3#false-m31-s23-a21-p#false-m45-s15-a16#false-m72-s22-a11#true-m87-s9-a20-p^#true-m83-ytrue-sfalse-p16}={1,27,5,4,2,22,16,19,8,21,23#46:27>>9#46:23>>3#64:22>>20#74:21>>18#74:5>>6}={1,16,15,34,22,19,23,10,11,39,21#46:1>>35#66:21>>27#76:23>>28#76:19>>20#88:15>>45}
14:8={5_1:0#true-m40-s23-a9^#false-m2-ytrue-sfalse-p15#true-m54-ytrue-sfalse-p6#false-m77-ytrue-sfalse-p29#true-m90+4-ytrue-sfalse-p18}={1,4,31,17,2,21,18,6,23,8,9#61:6>>10#61:23>>11#74:9>>7#80:31>>44#80:8>>29}={1,25,15,30,20,29,23,17,13,8,36#46:13>>14#46:20>>32#74:17>>7}
16:6={25_2:2#false-m15-s14-a19#false-m17-s38-a8#true-m63-s27-a14#true-m82-s27-a9^#true-m36-ytrue-sfalse-p13#false-m43-ytrue-sfalse-p10#false-m65-ytrue-sfalse-p19#false-m89-ytrue-sfalse-p8}={1,5,14,15,2,18,11,7,6,27,13#77:18>>9#79:11>>29#79:2>>17#90+2:13>>21}={1,30,33,6,4,8,38,10,27,19,14#36:38>>31#46:33>>5#77:19>>12#77:27>>25#86:14>>13}
9:7={2_1:1#false-m31-s14-a27#true-m90+3-s19-a10^#true-m55-ytrue-sfalse-p28#true-m56-ytrue-sfalse-p16#true-m57-ytrue-strue-p16#false-m62-ytrue-sfalse-p8}={33,37,4,5,24,7,3,22,16,28,18#55:28>>23#55:18>>19#71:4>>10#82:7>>20#82:22>>31}={1,25,23,3,31,28,24,8,21,14,27#64:8>>7#74:27>>9#74:14>>17#90:24>>30}
17:5={8_2:0#true-m3-s7-a10#true-m90+2-s40-a16^#false-m45+1-ytrue-sfalse-p8#false-m73-ytrue-sfalse-p10}={1,3,2,24,4,7,38,8,20,10,40#67:7>>17#81:38>>16#81:10>>22#89:2>>37}={1,13,18,20,6,15,10,8,35,19,39#28:39>>9#45:6>>17#75:18>>7#75:8>>23}
11:14={11_2:0#true-m19-s27-a29#true-m36-s16-a29^#true-m66-ytrue-sfalse-p25#false-m75-ytrue-sfalse-p18#true-m75-ytrue-sfalse-p22#false-m76-yfalse-sfalse-p4}={1,25,38,8,11,16,13,22,9,27,29#66:16>>18#66:9>>33#77:13>>14#85:27>>7#85:8>>28}={1,4,17,2,5,42,18,6,23,8,9#46:6>>11#46:42>>19#61:9>>14#69:23>>10#77:11>>29}
3:16={14_2:0#true-m40-s10-a22#true-m63-s27-a19^#false-m11-ytrue-sfalse-p2#true-m51-ytrue-sfalse-p24#false-m56-ytrue-sfalse-p4#false-m82-ytrue-sfalse-p6#true-m88-ytrue-sfalse-p22}={1,16,15,24,34,22,19,10,11,28,39#58:10>>21#58:34>>27#70:39>>30#87:19>>36}={1,14,4,15,2,18,7,6,29,27,13#59:18>>11#64:4>>5#64:29>>9#81:7>>21#81:2>>19}
6:4={1_0:2#false-m48-s10-a28#false-m51-s27-a31^#false-m28-ytrue-sfalse-p11#false-m28-ytrue-sfalse-p25#true-m28-ytrue-sfalse-p4#true-m30-ytrue-sfalse-p13#true-m53-ytrue-sfalse-p27#false-m90+5-yfalse-sfalse-p4}={1,5,30,33,4,12,10,25,27,31,13#54:33>>7#69:31>>11#69:25>>8#82:5>>22}={1,20,25,4,27,31,23,11,8,10,17#46:11>>6#46:17>>28#69:31>>19#80:20>>22#90+2:10>>33}
7:1={13_2:5#false-m15-s9-a-p#false-m23-s9-a25#false-m35-s10-a25#true-m43-s23-a24#false-m60-s11-a25#true-m65-s6-a17#false-m79-s25-a2^#true-m15-ytrue-sfalse-p3#false-m30-ytrue-sfalse-p4}={1,25,23,3,31,28,24,8,21,14,27#64:14>>17#64:21>>36#64:28>>6#75:24>>30#75:27>>9}={1,19,21,44,4,11,6,25,24,9,10#62:10>>42#69:44>>5#69:24>>18#69:21>>2#80:11>>7}
10:18={4_3:1#true-m20-s2-a9-og#true-m39-s27-a32#false-m74-s40-a10#true-m79-s32-a9-p^#false-m41-ytrue-sfalse-p37#false-m50-ytrue-sfalse-p13}={26,30,17,3,4,8,32,27,29,9,20#75:29>>11#75:27>>19#83:8>>14#83:20>>33#90+1:9>>31}={1,2,24,15,37,22,14,33,10,19,40#42:22>>13#64:24>>32#76:15>>27#76:37>>21}
15:12={6_1:2#false-m25-s7-a9#true-m42-s5-a19#false-m68-s29-a^#true-m52-ytrue-sfalse-p30#false-m58-ytrue-sfalse-p31#true-m70-ytrue-sfalse-p19#false-m77-ytrue-sfalse-p42#false-m80-ytrue-sfalse-p16}={1,30,15,5,2,22,19,8,21,9,10#46:15>>20#78:21>>11#78:10>>18#78:22>>39#78:9>>23}={27,16,42,3,34,30,5,31,7,29,9#77:7>>8#84:29>>11#85:3>>23#90:9>>28}
5:2={16_1:1#false-m35-s9-a4#true-m90+4-s35-a10^#true-m69-ytrue-sfalse-p1#false-m90+3-ytrue-sfalse-p1}={1,37,13,2,18,7,15,10,8,35,19#59:18>>23#59:7>>27#71:37>>9#82:19>>21}={1,3,32,22,4,2,8,44,18,17,9#65:9>>33#65:44>>27#83:17>>10#89:18>>25}
13:9={10_4:1#false-m7-s22-a3#true-m30-s4-a10#true-m52-s6-a16#true-m72-s7-a27#true-m81-s27-a21^#true-m21-ytrue-sfalse-p6#true-m32-ytrue-sfalse-p20#false-m39-ytrue-sfalse-p10#false-m59-ytrue-sfalse-p7#false-m77-ytrue-sfalse-p18#false-m90+2-ytrue-sfalse-p20#true-m90+3-ytrue-sfalse-p8}={1,6,2,4,3,20,10,5,16,27,21#61:5>>8#61:20>>28#69:16>>7#69:10>>30#85:3>>32}={33,2,37,4,24,10,3,22,31,23,18#22:22>>7#39:4>>6#46:10>>20#67:37>>15#67:31>>19}
8:17={15_2:1#true-m12-s14-a29#true-m40-s23-a14#false-m86-s7-a20^#false-m51-ytrue-sfalse-p4#true-m85-ytrue-sfalse-p11}={1,25,30,28,29,23,17,13,8,36,14#69:13>>10#69:17>>32#82:14>>11}={1,3,2,24,4,17,38,8,20,10,40#46:2>>16#46:17>>7#76:10>>27#77:38>>22#83:40>>15}
12:8={17_1:1#false-m38-s32-a25#true-m76-s30-a6^#false-m22-ytrue-sfalse-p30#true-m31-ytrue-sfalse-p7#true-m45-ytrue-sfalse-p16#true-m53-ytrue-sfalse-p5#false-m64-ytrue-sfalse-p17#false-m70-ytrue-sfalse-p25}={27,16,42,3,19,30,5,31,7,29,9#70:7>>6#81:29>>28#89:9>>11#89:31>>8}={1,25,30,28,20,29,23,17,8,36,14#28:30>>32#30:36>>10#79:14>>13#79:20>>7}
1:10={19_2:1#true-m30-s8-a25#true-m75-s9-a10#false-m90+3-s19-a32}={1,19,21,4,2,11,8,6,25,9,10#66:11>>7#71:8>>24#71:25>>42#84:10>>13#84:21>>23}={26,30,5,17,3,4,8,32,27,29,9#59:29>>20#73:8>>19#80:5>>11#80:17>>25}
4:13={8_1:0#true-m14-s10-a6^#false-m39-ytrue-sfalse-p5#true-m86-ytrue-sfalse-p23#false-m87-ytrue-sfalse-p4#true-m90+1-ytrue-sfalse-p22#false-m90+4-ytrue-sfalse-p3}={1,20,3,25,6,27,31,23,11,10,9#57:3>>5#57:11>>28#69:6>>15#81:31>>22#82:20>>19}={1,6,2,4,3,20,10,5,16,27,21#39:5>>30#46:27>>7#64:20>>28#64:16>>9#75:7>>11}
9:15={7_0:1#false-m19-s11-a20^#false-m54-ytrue-sfalse-p27#false-m83-ytrue-sfalse-p16#false-m90+3-ytrue-sfalse-p19}={33,2,37,24,10,3,16,23,30,6,28#61:6>>19#61:23>>31#72:30>>7#72:3>>21#85:28>>48}={1,27,5,4,2,11,19,39,20,9,18#60:4>>30#60:39>>8#81:20>>22#81:11>>23#81:18>>16}
17:11={24_2:0#true-m66-s15-a27#true-m90+7-s27-a17^#false-m29-ytrue-sfalse-p38#false-m38-ytrue-sfalse-p22#true-m52-ytrue-sfalse-p16#false-m73-ytrue-sfalse-p11#false-m75-ytrue-sfalse-p27#false-m78-ytrue-sfalse-p16}={1,3,24,4,16,7,38,8,20,10,40#39:7>>17#64:40>>15#64:20>>27#77:16>>2}={1,25,38,14,11,16,13,22,9,27,29#60:29>>17#60:14>>33#64:38>>28#79:25>>10}
2:3={25_2:1#true-m29-s18-a32#false-m52-s11-a24#true-m68-s9-a18^#false-m31-ytrue-sfalse-p22#false-m31-ytrue-sfalse-p11#false-m37-ytrue-sfalse-p28#true-m40-ytrue-sfalse-p14#false-m55-ytrue-sfalse-p24#true-m65-ytrue-sfalse-p9#true-m88-ytrue-sfalse-p17#false-m89-ytrue-sfalse-p18}={1,3,32,39,22,2,14,8,18,17,9#59:39>>10#69:9>>33#84:18>>25#84:8>>27}={1,16,15,24,34,22,19,10,11,28,21#46:34>>36#71:21>>18#82:19>>20#86:28>>5}
14:6={9_1:1#true-m42-s19-a17#false-m90-s8-a6^#false-m30-ytrue-sfalse-p25#false-m58-ytrue-sfalse-p10#true-m64-ytrue-sfalse-p6#false-m79-ytrue-sfalse-p19}={1,31,17,2,21,5,18,6,23,8,19#73:19>>7#80:6>>27#80:18>>29#88:17>>30#88:23>>10}={1,30,33,4,12,8,10,25,31,19,7#61:25>>11#61:33>>22#79:7>>28#86:30>>29#86:31>>6}
16:7={20_2:2#true-m7-s27-a11#false-m9-s6-a23#false-m45+1-s21-a24#true-m86-s27-a11^#false-m16-ytrue-sfalse-p25#true-m17-ytrue-sfalse-p27#false-m18-ytrue-sfalse-p1#true-m54-ytrue-sfalse-p18}={1,5,14,4,2,18,11,7,6,27,13#65:4>>15#65:18>>29#77:13>>9}={1,25,5,23,31,24,8,21,6,14,27#72:27>>9#84:14>>17#84:24>>7}
18:5={18_1:2#false-m75-s17-a15#true-m90+2-s19-a21#false-m90+4-s19-a2^#true-m37-ytrue-sfalse-p14#true-m65-ytrue-sfalse-p13#true-m87-ytrue-sfalse-p10#true-m88-ytrue-sfalse-p22#false-m88-ytrue-sfalse-p6}={1,18,15,13,37,22,14,33,10,19,40#73:37>>21#76:15>>27#83:33>>6}={1,37,13,2,6,15,10,29,8,35,19#46:37>>18#71:29>>21#72:8>>17#89:15>>3#90:18>>22}
13:1={18_2:1#true-m23-s3-a21#true-m35-s28-a22#false-m38-s9-a25^#true-m45-ytrue-sfalse-p28#false-m45+1-ytrue-sfalse-p21#true-m79-ytrue-sfalse-p32}={1,6,2,22,4,3,20,30,28,10,21#58:20>>32#74:30>>14#74:3>>8#82:21>>9#82:28>>24}={1,21,5,3,2,7,8,25,18,9,10#52:3>>19#52:18>>42#69:10>>13#87:5>>23}
3:9={13_2:1#true-m56-s21-a13#false-m63-s30-a16#true-m85-s11-a10^#false-m36-ytrue-sfalse-p7#false-m48-ytrue-sfalse-p2}={1,16,13,15,24,22,19,10,11,28,21#64:13>>23#75:19>>27#89:21>>36}={1,2,37,5,24,7,3,20,16,23,30#68:30>>50#68:16>>28#71:20>>10#87:7>>18}
6:17={16_1:0#true-m3-s31-a30^#true-m30-ytrue-sfalse-p30#true-m49-ytrue-sfalse-p19#false-m63-ytrue-sfalse-p4#true-m87-ytrue-sfalse-p31#false-m90+1-ytrue-sfalse-p3}={1,30,22,4,12,11,8,10,27,31,19#66:10>>25#76:22>>33#76:11>>7#90+3:27>>6}={1,3,24,4,16,22,38,8,20,10,40#70:22>>11#70:20>>27#82:40>>35#82:38>>15}
8:18={3_4:0#true-m9-s23-a13#true-m28-s32-a#true-m43-s14-a13#true-m57-s23-a13^#false-m45+2-ytrue-sfalse-p33#true-m55-ytrue-sfalse-p13#false-m78-ytrue-sfalse-p40#false-m89-ytrue-sfalse-p13}={1,25,28,29,23,17,32,13,8,7,14#74:32>>22#74:29>>20#74:13>>10#85:23>>26#88:17>>34}={1,18,15,13,37,22,14,33,10,40,16#46:37>>4#46:10>>21#67:16>>19#68:33>>8#79:15>>32}
11:2={23_2:0#true-m12-s18-a8#true-m68-s10-a^#false-m35-ytrue-sfalse-p33#true-m42-ytrue-sfalse-p11#false-m84-ytrue-sfalse-p3#true-m90+3-ytrue-sfalse-p6}={1,25,38,8,11,17,33,18,22,9,10#64:18>>13#73:10>>23#73:33>>28#89:25>>6#89:9>>44}={1,3,32,16,22,4,14,44,18,17,33#46:44>>10#53:22>>39#71:33>>21#71:17>>26#79:16>>38}
15:4={14_2:2#true-m11-s11-a20#true-m54-s9-a8-p#false-m62-s9-a28#false-m63-s10-a17^#true-m2-ytrue-sfalse-p2#false-m22-ytrue-sfalse-p10#true-m47-ytrue-sfalse-p39#true-m89-ytrue-sfalse-p15#true-m90+1-ytrue-sfalse-p8}={1,27,5,4,2,11,19,8,39,20,9#30:20>>22#66:5>>15#66:39>>16#83:9>>10#83:11>>21}={1,20,3,25,19,6,27,31,11,10,9#25:6>>15#46:11>>17#61:19>>28#88:10>>8}
7:14={4_2:0#true-m8-s14-a23#true-m30-s28-a23^#false-m38-ytrue-sfalse-p8#true-m66-ytrue-sfalse-p21}={1,25,5,23,31,28,24,8,21,14,10#72:21>>30#82:24>>7#82:14>>27#90+1:10>>9#90+2:28>>6}={1,31,17,2,21,5,18,23,8,29,9#46:29>>14#61:17>>27#61:9>>10#71:2>>30#86:23>>7}
10:5={2_0:2#false-m34-s29-a6#false-m43-s10-a6^#false-m49-ytrue-sfalse-p22#false-m53-ytrue-sfalse-p35#false-m69-ytrue-sfalse-p18#false-m73-ytrue-sfalse-p1}={26,30,5,17,3,4,8,32,27,29,9#46:4>>20#69:8>>19#69:29>>22#85:17>>33#90:32>>11}={1,22,2,20,6,15,10,29,8,35,19#65:22>>18#74:8>>17#74:29>>21#85:19>>3}
12:16={1_1:1#true-m41-s29-a9#false-m47-s6-a13^#true-m42-ytrue-sfalse-p16#false-m54-ytrue-sfalse-p18#true-m90+1-ytrue-sfalse-p28}={27,16,42,3,19,30,5,31,7,29,9#34:31>>8#60:7>>6#60:5>>22#77:9>>28}={1,5,14,15,2,18,11,7,6,27,13#45+3:27>>9#67:13>>28#81:18>>21#81:11>>29}
9:12={12_2:1#true-m21-s37-a23#false-m39-s42-a5#true-m51-s24-a23^#false-m9-ytrue-sfalse-p3#true-m36-ytrue-sfalse-p23#true-m90+2-ytrue-sfalse-p24#false-m90+5-ytrue-sfalse-p5}={1,2,37,5,24,3,20,16,23,30,17#63:23>>31#63:20>>28#82:17>>15#85:30>>14}={27,42,3,34,19,30,8,5,7,29,9#75:29>>28#75:34>>6#75:8>>22#75:9>>11}
4:3={11_1:3#true-m2-s9-a20#false-m35-s23-a11-p#false-m55-s21-a11#false-m81-s9-a19^#true-m25-ytrue-sfalse-p28#true-m32-ytrue-sfalse-p4#true-m37-ytrue-sfalse-p10#true-m42-ytrue-sfalse-p27#false-m60-ytrue-sfalse-p39}={12,20,25,4,15,27,23,8,28,10,9#61:15>>6#61:10>>7#74:20>>19#90+1:23>>17}={1,16,15,24,14,19,23,8,11,39,21#62:39>>36#73:21>>9#85:14>>5#85:23>>28}
14:13={24_1:1#true-m40-s23-a#false-m90+7-s11-a24^#false-m31-ytrue-sfalse-p16#true-m42-ytrue-sfalse-p23#false-m81-ytrue-sfalse-p28#true-m90+6-ytrue-sfalse-p19#false-m90+6-ytrue-sfalse-p22}={1,17,2,21,5,25,18,10,23,8,14#67:10>>19#73:17>>7#73:14>>30#79:23>>42}={1,2,22,3,26,20,30,28,10,16,21#67:3>>24#67:16>>9#77:21>>11#77:10>>7#84:20>>32}
16:8={17_4:1#true-m55-s7-a2#false-m74-s23-a7#true-m77-s13-a#true-m78-s18-a17#true-m90+3-s9-a21^#true-m60-ytrue-sfalse-p18#false-m60-ytrue-sfalse-p1#false-m64-ytrue-sfalse-p8#false-m90-ytrue-sfalse-p10}={20,5,14,15,2,18,11,7,6,28,27#51:14>>17#70:27>>9#70:11>>13#82:7>>21#82:18>>29}={1,25,30,28,29,23,17,13,8,7,14#66:13>>10#66:17>>32#81:7>>18#81:29>>20}
17:10={10_2:1#false-m51-s3-a32#true-m54-s40-a17#true-m82-s27-a^#true-m32-ytrue-sfalse-p8#false-m58-ytrue-sfalse-p17#true-m90+1-ytrue-sfalse-p22}={1,3,24,4,16,17,38,8,20,10,40#65:17>>27#74:40>>35#85:20>>29#85:10>>22}={26,30,17,3,4,8,32,27,29,9,20#65:8>>14#65:29>>11#75:20>>22}
18:11={6_3:6#true-m22-s40-a10#false-m32-s9-a33#false-m40-s33-a17#true-m46-s21-a10#false-m57-s33-a17#false-m62-s9-a10#false-m66-s18-a13-og#true-m67-s10-a40#false-m80-s9-a27^#true-m49-ytrue-sfalse-p13}={1,2,4,18,13,14,21,11,10,40,16#70:2>>19#70:11>>32#79:21>>28#87:16>>22}={12,25,38,8,11,17,33,18,22,9,10#57:18>>13#57:25>>27#62:10>>28#83:9>>6#83:33>>23}
1:15={8_1:0#true-m71-s10-a25^#true-m64-ytrue-sfalse-p21#false-m82-ytrue-sfalse-p10}={1,19,21,5,2,11,8,25,24,9,10#56:8>>42#72:10>>7#90:21>>4}={1,30,27,4,2,11,19,8,39,20,9#64:20>>21#78:9>>10#78:39>>22#78:30>>15#90:8>>23}
5:7={19_2:1#true-m22-s8-a10#false-m62-s10-a14-p#true-m90+5-s2-a10^#false-m39-ytrue-sfalse-p21#false-m59-ytrue-sfalse-p31#false-m90+3-ytrue-sfalse-p1#false-m90+4-ytrue-sfalse-p27}={1,22,2,20,6,15,10,29,8,35,19#68:19>>39#77:29>>21}={1,25,5,31,20,28,24,8,21,14,10#58:8>>6#58:24>>27#76:14>>9#76:10>>7#90:20>>23}
2:6={5_1:3#false-m21-s27-a25#false-m34-s19-a4#true-m62-s33-a18#false-m64-s30-a19^#false-m14-ytrue-sfalse-p8#true-m38-ytrue-sfalse-p10#false-m82-ytrue-sfalse-p1#false-m90+3-ytrue-sfalse-p30}={31,3,32,16,22,10,44,27,18,21,33#43:21>>17#73:44>>14#73:27>>39#84:16>>35#84:10>>8}={1,30,33,4,12,8,25,27,31,19,14#62:14>>6#62:31>>20#80:8>>10#88:27>>11#88:19>>13}
7:2={13_2:1#true-m6-s14-a25#false-m13-s18-a17#true-m57-s25-a10^#true-m64-ytrue-sfalse-p8#false-m65-ytrue-sfalse-p17}={1,25,5,23,31,8,21,6,14,27,10#72:10>>24#80:14>>17#80:27>>9}={1,3,32,39,16,22,14,27,18,17,33#64:39>>10#70:27>>44#70:16>>2#78:17>>21}
6:18={15_7:1#true-m12-s31-a19#true-m17-s12-a27#false-m33-s28-a40#true-m45-s33-a14#true-m49-s14-a31#true-m69-s14-a19#true-m74-s14-a38#true-m76-s14-a27^#false-m38-ytrue-sfalse-p40}={1,30,33,4,12,8,25,27,31,19,14#62:8>>10#62:31>>38#62:25>>20#81:14>>13#81:30>>6}={1,32,4,15,13,28,22,21,11,10,40#58:28>>33#60:15>>18#60:40>>16#77:13>>8#77:32>>2}
11:5={16_3:2#false-m15-s19-a29#true-m24-s8-a10#true-m30-s33-a9#true-m59-s18-a9#false-m72-s39-a10^#true-m6-ytrue-sfalse-p8#true-m19-ytrue-sfalse-p18#false-m29-ytrue-sfalse-p8#false-m64-ytrue-sfalse-p39}={1,25,38,28,8,17,33,18,22,9,10#54:8>>13#73:33>>27#73:10>>23#88:9>>14#88:18>>6}={1,22,2,20,6,15,10,29,8,35,19#58:29>>39#68:6>>17#68:15>>23#83:22>>21}
12:4={2_3:0#true-m2-s29-a8#true-m4-s6-a7#true-m90-s4-a5-og^#true-m78-ytrue-sfalse-p8#false-m82-ytrue-sfalse-p19}={27,16,42,3,19,30,8,7,6,29,9#76:29>>11#83:7>>5#83:9>>28#86:42>>34}={12,20,25,4,6,27,23,8,28,10,9#46:25>>3#46:20>>19#46:27>>31#57:28>>7#81:8>>17}
13:17={1_2:3#false-m23-s40-a17#false-m40-s17-a38#false-m45+2-s40-a38#true-m57-s11-a20#true-m86-s20-a7-p^#false-m36-ytrue-sfalse-p3#false-m87-ytrue-sfalse-p20}={1,32,2,22,26,20,30,28,10,16,21#31:32>>24#41:21>>11#46:10>>14#80:28>>7#80:16>>9}={21,3,24,4,16,17,38,8,20,10,40#61:10>>27#79:38>>23#79:40>>35#79:17>>22#89:20>>29}
15:16={4_1:1#false-m17-s6-a5#true-m59-s10-a11^#true-m20-ytrue-sfalse-p16#false-m31-ytrue-sfalse-p17}={1,27,5,4,2,16,11,19,8,20,9#57:16>>10#72:20>>21#84:9>>18}={20,5,15,2,18,11,7,6,17,28,27#65:27>>9#65:18>>29#70:17>>19#84:11>>21}
3:1={25_2:3#true-m5-s19-a22#false-m9-s9-a25#false-m44-s11-a9#true-m48-s9-a22#false-m77-s9-a-p^#true-m51-ytrue-sfalse-p23#true-m86-ytrue-sfalse-p22#false-m88-ytrue-sfalse-p9#false-m90+5-ytrue-sfalse-p2}={1,16,13,15,24,22,19,23,8,11,9#60:8>>21#70:19>>39#82:9>>27#82:13>>14}={1,19,21,5,2,11,8,25,24,9,10#65:10>>7#65:8>>42#74:21>>4#88:11>>23}
9:14={3_2:2#true-m15-s17-a2#true-m19-s20-a18#false-m40-s19-a25#false-m76-s19-a14^#false-m90+1-ytrue-sfalse-p27}={1,2,37,5,24,3,20,23,30,18,17#46:30>>50#63:18>>14#75:23>>16}={1,4,2,21,25,18,6,23,14,19,11#63:11>>10#72:23>>5#72:25>>27#85:14>>9}
8:10={9_0:6#false-m2-s8-a20#false-m5-s20-a30#false-m12-s3-a32#false-m19-s27-a32#false-m25-s9-a27#false-m37-s4-a32^#true-m15-ytrue-sfalse-p25#true-m24-ytrue-sfalse-p17#false-m44-ytrue-sfalse-p11}={1,25,30,28,18,29,23,17,8,14,10#29:18>>7#29:14>>36#71:10>>13}={26,30,17,3,4,8,32,27,11,9,20#61:20>>22#74:8>>19#74:11>>29#82:3>>5#82:4>>31}
16:13={10_0:2#false-m72-s28-a16#false-m88-s30-a^#false-m25-ytrue-sfalse-p11#false-m41-ytrue-sfalse-p30#true-m57-ytrue-sfalse-p15#false-m57-ytrue-sfalse-p6#false-m86-ytrue-sfalse-p9#true-m87-ytrue-sfalse-p6}={20,5,14,15,2,18,11,7,6,9,27#83:11>>21#83:9>>29#87:2>>22}={1,6,2,22,4,20,30,28,14,16,11#58:20>>24#58:14>>3#79:11>>9#79:16>>17#90+3:28>>32}
1:12={5_2:1#false-m22-s9-a29#true-m53-s11-a24#true-m74-s42-a5^#true-m27-ytrue-sfalse-p42#true-m36-ytrue-sfalse-p10#true-m56-ytrue-sfalse-p21#false-m59-ytrue-sfalse-p6#false-m89-ytrue-sfalse-p42#false-m90+1-ytrue-sfalse-p22}={1,19,21,5,2,11,25,42,24,9,10#65:24>>22#65:21>>4#65:10>>7#82:42>>23}={27,16,42,3,19,30,8,7,6,29,9#64:29>>11#64:7>>5#75:9>>26#82:8>>22#82:6>>25}
2:8={6_4:1#true-m21-s32-a3#true-m32-s33-a3#false-m88-s25-a36#true-m90+1-s18-a21#true-m90+4-s39-a18^#false-m41-ytrue-sfalse-p36#false-m42-ytrue-sfalse-p13#true-m59-ytrue-sfalse-p4#true-m81-ytrue-sfalse-p32#true-m89-ytrue-sfalse-p2}={1,3,32,22,4,2,10,44,27,18,33#63:4>>39#63:10>>17#71:27>>14#84:33>>21}={1,25,30,28,29,23,17,13,8,36,10#54:23>>22#76:13>>14}
10:11={24_1:2#false-m3-s17-a10#true-m21-s4-a32#false-m90+4-s28-a17^#true-m16-ytrue-sfalse-p3#false-m38-ytrue-sfalse-p38#false-m61-ytrue-sfalse-p25#false-m80-ytrue-sfalse-p22#true-m87-ytrue-sfalse-p17#true-m90+3-ytrue-sfalse-p9#true-m90+4-ytrue-sfalse-p30}={26,30,17,3,4,8,32,27,11,9,20#46:11>>5#75:4>>31#76:20>>22#76:8>>19#84:32>>29}={1,25,38,28,17,18,13,22,9,10,27#56:10>>33#68:25>>3#68:27>>14#89:9>>23#89:18>>16}
14:15={23_2:0#true-m53-s19-a14#true-m90+5-s7-a^#true-m15-ytrue-sfalse-p6#false-m88-ytrue-sfalse-p27}={1,4,21,5,42,18,6,23,8,14,19#69:8>>10#69:23>>27#78:14>>9#88:6>>7#88:19>>29}={1,27,5,4,2,16,11,19,8,20,9#61:16>>18#61:9>>10#71:5>>30#76:11>>21#76:20>>23}
17:3={12_1:1#true-m40-s40-a22-p#false-m85-s19-a9^#false-m57-ytrue-sfalse-p14#false-m58-ytrue-sfalse-p15#false-m90+4-ytrue-sfalse-p5}={1,3,29,4,16,22,17,8,20,27,40#68:17>>11#68:40>>35#80:27>>23#80:22>>2#90+6:16>>37}={1,15,24,14,5,22,23,8,11,39,9#68:39>>10#68:8>>19}
4:9={19_0:2#false-m25-s5-a17#false-m63-s20-a7^#true-m24-ytrue-sfalse-p3#false-m41-ytrue-sfalse-p37#false-m71-ytrue-sfalse-p17#true-m79-ytrue-sfalse-p27}={1,3,4,19,6,27,11,8,10,7,9#21:8>>23#51:6>>15#66:11>>28#66:7>>22#66:19>>20}={1,2,37,5,7,3,20,16,23,30,17#26:30>>15#74:20>>4#80:17>>22#80:7>>14}
18:7={11_1:0#true-m56-s16-a10^#true-m33-ytrue-sfalse-p33#true-m69-ytrue-sfalse-p4#true-m71-ytrue-sfalse-p40}={30,4,18,15,13,22,33,21,11,10,16#61:11>>40#74:10>>19#86:21>>8#86:16>>28}={1,25,23,3,31,24,21,6,27,17,10#63:10>>14#76:25>>9#82:24>>36#82:17>>18}
5:6={8_5:2#false-m5-s14-a8#false-m22-s14-a-p#true-m23-s35-a13#true-m30-s29-a8#true-m50-s2-a35#true-m66-s6-a10#true-m76-s8-a19^#false-m48-ytrue-sfalse-p30#false-m55-ytrue-sfalse-p20#false-m61-ytrue-sfalse-p33}={1,24,13,2,6,15,10,29,8,35,19#46:29>>23#64:23>>25#85:8>>17#85:24>>18#87:15>>9}={1,30,33,4,12,8,20,27,31,19,14#66:20>>10#67:8>>25#75:30>>38#80:14>>13#80:27>>11}
9:1={17_0:5#false-m40-s7-a10#false-m53-s7-a25#false-m69-s9-a7#false-m72-s9-a7#false-m74-s7-a25^#false-m55-ytrue-sfalse-p19#true-m64-ytrue-sfalse-p16}={1,2,37,4,5,7,3,20,16,23,17#63:7>>14#63:20>>22#75:23>>19#84:17>>50}={1,19,21,5,4,11,7,25,42,22,9#27:11>>10#75:7>>40#75:22>>23#78:25>>17#78:19>>3}
4:16={9_2:3#true-m8-s10-a20#false-m34-s27-a11#true-m51-s9-a28#false-m73-s13-a17#false-m89-s27-a17^#true-m14-ytrue-sfalse-p22#false-m61-ytrue-sfalse-p2#true-m80-ytrue-sfalse-p15#true-m81-ytrue-sfalse-p27#false-m87-ytrue-sfalse-p5}={1,20,3,4,15,27,22,8,28,10,9#59:22>>11#65:10>>31}={20,5,14,4,2,18,11,6,21,9,27#46:6>>23#71:11>>29#72:21>>13#72:18>>17#90+5:13>>15}
12:14={13_4:0#true-m19-s7-a30#true-m41-s42-a6#true-m49-s30-a3#true-m79-s5-a26^#false-m36-ytrue-sfalse-p8#false-m59-ytrue-sfalse-p5}={27,16,42,3,19,30,8,7,6,29,9#63:9>>11#63:7>>5#75:30>>18#75:29>>26#77:8>>22}={1,4,21,5,42,18,6,8,29,14,19#32:19>>7#46:29>>27#46:42>>23#56:8>>11#69:14>>9}
15:17={3_2:0#true-m51-s11-a20#true-m69-s20-a9^#false-m26-ytrue-sfalse-p40#false-m26-ytrue-sfalse-p27#true-m62-ytrue-sfalse-p20#true-m81-ytrue-sfalse-p16}={1,30,27,4,2,11,19,8,20,18,23#61:23>>9#61:18>>10#80:20>>16#90+1:8>>15#90+1:11>>21}={1,3,2,24,4,22,17,8,20,27,40#46:3>>16#57:40>>35#58:22>>11#73:27>>15#81:20>>6}
8:5={14_2:3#true-m6-s32-a29#false-m45-s19-a29#false-m50-s29-a2#true-m54-s25-a17-p#false-m55-s15-a19^#false-m39-ytrue-sfalse-p35#false-m42-ytrue-sfalse-p19#true-m43-ytrue-sfalse-p36#true-m62-ytrue-sfalse-p17#false-m70-ytrue-strue-p35#false-m72-ytrue-sfalse-p24#false-m90+3-ytrue-sfalse-p25}={1,25,28,20,29,22,17,32,8,36,14#64:22>>10#64:32>>6#76:29>>7#89:20>>37}={1,24,13,2,6,15,10,29,8,35,19#28:6>>17#73:19>>20#83:8>>25#83:29>>27}
3:18={16_3:0#true-m33-s9-a-p#true-m82-s9-a19#true-m89-s21-a19^#true-m15-ytrue-sfalse-p15#false-m32-ytrue-sfalse-p4#false-m43-ytrue-sfalse-p15#true-m43-ytrue-sfalse-p22}={1,15,24,14,5,22,19,10,11,28,9#46:22>>8#75:10>>23#75:11>>21#83:9>>27#90:19>>20}={30,4,18,15,13,28,22,33,21,19,40#46:19>>16#64:28>>37#64:40>>10#78:21>>11#78:15>>27}
6:11={20_2:2#true-m37-s14-a19#true-m63-s14-a33#false-m80-s13-a22#false-m83-s10-a33^#true-m21-ytrue-sfalse-p19#false-m21-ytrue-sfalse-p16#false-m28-ytrue-sfalse-p17#true-m60-ytrue-sfalse-p6#true-m85-ytrue-sfalse-p12#true-m86-ytrue-sfalse-p33#false-m88-ytrue-sfalse-p10#true-m90+2-ytrue-strue-p19}={1,33,6,4,12,38,10,25,27,19,14#64:38>>31#65:10>>20#82:27>>8#82:6>>3#90+4:14>>13}={1,25,28,14,11,17,16,18,22,9,27#46:25>>3#46:16>>13#68:9>>33#68:14>>10#82:18>>23}
7:10={1_0:0^#false-m35-ytrue-sfalse-p27#true-m77-ytrue-sfalse-p27}={1,25,23,3,31,28,24,8,21,14,27#72:14>>17#72:24>>30#86:27>>9}={26,30,17,3,31,4,8,32,27,29,9#77:32>>22#77:29>>20#85:8>>19#89:9>>18}
13:2={2_1:1#false-m19-s33-a39#true-m86-s20-a-p^#true-m44-ytrue-sfalse-p30#true-m87-ytrue-sfalse-p17}={1,32,2,22,4,30,28,24,14,16,11#46:16>>10#46:14>>3#66:24>>9#67:11>>20#80:28>>17}={1,3,32,39,4,2,10,44,27,18,33#46:27>>14#46:2>>22#64:10>>17#86:33>>21}
1:4={23_4:0#true-m7-s25-a7#true-m57-s2-a25#true-m59-s10-a7#true-m87-s9-a42}={1,19,21,5,2,7,25,42,22,9,10#75:22>>18#80:19>>3#80:21>>23#80:7>>20#85:5>>40}={1,20,3,25,4,27,31,11,8,7,9#57:11>>22#73:7>>23#87:8>>19}
2:15={24_0:2#false-m57-s23-a20#false-m75-s11-a18^#false-m26-ytrue-sfalse-p30#false-m70-yfalse-sfalse-p9#false-m90-ytrue-sfalse-p16}={1,3,32,39,22,4,10,44,18,17,33#7:10>>14#65:44>>8#65:22>>2#87:4>>21}={13,30,27,4,2,11,8,39,20,18,23#58:23>>9#58:39>>16#71:20>>10#90:18>>15}
5:12={4_1:0#true-m35-s29-a19^#false-m90+2-ytrue-sfalse-p3}={1,22,13,2,20,15,10,29,17,8,19#56:17>>7#72:29>>21#85:19>>39#86:15>>3}={27,16,42,3,19,30,8,7,6,29,9#46:8>>5#64:7>>25#64:42>>22#77:16>>11#82:30>>18}
11:8={11_1:1#false-m35-s36-a7#true-m90+1-s25-a9^#true-m55-ytrue-sfalse-p3#false-m62-ytrue-sfalse-p25#false-m90+4-ytrue-sfalse-p18#true-m90+4-ytrue-sfalse-p8}={1,3,38,8,11,17,33,13,22,10,27#46:10>>9#62:13>>14#87:3>>25}={1,25,28,18,29,6,13,8,36,7,10#73:10>>20#88:36>>14}
17:7={15_0:1#false-m16-s10-a21^#true-m20-ytrue-sfalse-p4#true-m70-ytrue-sfalse-p3}={1,3,29,4,16,22,8,6,20,27,40#60:16>>11#75:22>>35#75:6>>15}={1,5,3,31,20,28,8,21,14,27,10#64:27>>24#64:14>>17#76:28>>6#76:10>>9#90:8>>30}
18:13={19_0:0^#false-m38-ytrue-sfalse-p20#false-m64-ytrue-sfalse-p4#true-m77-ytrue-sfalse-p15#false-m84-ytrue-sfalse-p22#true-m90-ytrue-sfalse-p11}={30,4,18,15,13,22,33,21,10,40,16#71:21>>28#82:10>>11}={1,6,2,22,4,3,20,30,28,10,21#46:3>>16#59:28>>11#59:21>>9#73:20>>17}
14:3={8_3:2#false-m31-s19-a9#true-m51-s14-a6#true-m57-s23-a11#true-m69-s23-a14#false-m83-s27-a13^#false-m90+5-ytrue-sfalse-p34}={1,17,2,5,25,18,6,10,23,14,11#55:2>>42#72:6>>29#72:23>>44#87:10>>7#87:14>>21}={35,24,34,14,19,23,8,11,28,9,21#58:11>>10#72:28>>5#72:14>>13#72:24>>39#81:19>>27}
10:6={5_2:1#true-m33-s32-a-p#false-m45+1-s20-a4#true-m84-s20-a11^#true-m30-ytrue-sfalse-p4#false-m32-ytrue-sfalse-p30#false-m39-ytrue-sfalse-p8#false-m82-ytrue-sfalse-p6#true-m86-ytrue-sfalse-p9}={26,30,17,3,4,32,19,27,29,22,9#56:22>>20#80:32>>11#80:19>>8#90+1:29>>31}={1,30,6,22,4,8,20,10,27,31,14#75:14>>13#76:31>>7#80:20>>25#87:22>>5#87:10>>29}
16:9={6_1:0#true-m88-s27-a17^#false-m21-ytrue-sfalse-p17#true-m69-ytrue-sfalse-p11#true-m86-ytrue-sfalse-p14#true-m90+3-ytrue-sfalse-p29}={20,5,14,4,2,18,11,6,21,9,27#57:9>>29#57:18>>13#57:21>>23#71:11>>17#86:5>>15}={1,2,37,5,7,3,20,22,31,23,17#72:17>>14#72:31>>50#72:20>>28#79:22>>15#89:7>>19}
1:8={18_1:2#true-m18-s9-a25#false-m27-s32-a36#false-m31-s18-a20^#false-m78-ytrue-sfalse-p13}={26,5,4,7,6,25,42,22,18,9,40#75:40>>34#75:22>>14}={1,30,28,24,18,20,17,6,32,13,36#67:24>>15#67:32>>14#79:6>>7#79:18>>22#90:13>>10}
2:12={1_4:1#true-m21-s33-a-p#true-m47-s17-a18#false-m57-s7-a9#true-m58-s18-a17#true-m61-s33-a18^#false-m16-ytrue-sfalse-p7#false-m19-yfalse-sfalse-p42#false-m59-ytrue-sfalse-p16}={1,3,32,16,4,2,14,44,17,9,33#46:9>>18#68:33>>38#82:16>>47#87:17>>37}={27,16,18,42,3,30,5,7,6,29,9#64:5>>8#65:29>>34#82:3>>23#82:7>>24#82:9>>26}
6:7={12_2:2#true-m38-s14-a19#false-m45-s21-a17#false-m50-s21-a10#true-m84-s4-a38^#false-m31-ytrue-sfalse-p28#true-m59-ytrue-sfalse-p4#false-m85-ytrue-sfalse-p5}={1,5,30,33,4,8,10,27,19,7,14#77:7>>31#77:10>>38#83:30>>13}={1,5,23,3,31,28,24,8,21,17,10#26:23>>20#46:24>>7#46:17>>9#71:21>>30#77:28>>6}
10:15={13_2:2#true-m6-s19-a32#true-m46-s29-a30#false-m60-s11-a23#false-m87-s10-a21^#true-m53-ytrue-sfalse-p31#false-m69-ytrue-sfalse-p21#true-m76-ytrue-sfalse-p5}={1,30,17,3,31,32,19,27,29,22,9#63:19>>8#70:31>>5#70:22>>20#88:29>>11}={1,30,27,4,2,11,8,39,20,18,23#66:18>>10#66:23>>21#82:39>>7#82:4>>3#85:2>>5}
11:13={5_3:1#false-m5-s11-a10#true-m38-s9-a17#true-m44-s9-a25#true-m90+3-s17-a33^#true-m75-ytrue-sfalse-p14}={1,3,38,28,14,8,17,22,9,10,27#37:3>>25#72:9>>13#72:10>>33#90:27>>23}={1,6,2,22,19,30,28,10,16,11,21#60:21>>7#60:11>>18#67:16>>17#67:10>>14#83:6>>20}
18:9={4_0:0^#false-m42-ytrue-sfalse-p2}={30,27,18,24,13,28,22,33,21,10,40#62:40>>16#77:28>>15#77:27>>11#89:21>>37#89:10>>4}={1,2,37,24,15,3,20,22,23,30,9#62:20>>34#81:30>>50#89:22>>25}
5:3={17_2:3#true-m15-s19-a10#true-m24-s19-a15#false-m71-s10-a9#false-m87-s22-a24#false-m89-s8-a9^#true-m87-ytrue-sfalse-p13#false-m87-ytrue-sfalse-p9#true-m88-ytrue-sfalse-p22#true-m90+4-ytrue-sfalse-p19#false-m90+5-ytrue-sfalse-p10}={1,22,13,2,7,15,10,29,17,35,19#66:29>>9#66:17>>6#79:15>>20#90+2:7>>39}={1,13,15,24,22,19,23,8,11,9,21#65:19>>10#90+2:11>>28}
14:16={20_1:3#false-m29-s27-a13#false-m32-s18-a11#true-m57-s6-a17#false-m90+1-s29-a^#false-m15-ytrue-sfalse-p4#true-m48-ytrue-sfalse-p25#true-m61-ytrue-sfalse-p8#true-m82-ytrue-sfalse-p27}={1,17,2,5,25,18,6,23,8,11,7#69:7>>10#69:11>>27#81:2>>13#81:18>>29}={20,14,4,15,2,18,11,6,21,27,13#65:21>>7#66:11>>29#78:13>>23#85:18>>31}
17:4={16_1:0#true-m65-s27-a17^#false-m33-ytrue-sfalse-p7#true-m80-ytrue-sfalse-p3#false-m87-ytrue-sfalse-p11}={1,37,3,2,29,17,8,20,10,27,40#78:10>>22#82:27>>38#87:20>>23}={1,20,3,25,4,15,27,31,17,7,9#61:17>>11#61:7>>22#78:15>>21}
3:10={2_5:1#true-m14-s24-a19#true-m29-s24-a19#true-m45+1-s9-a22#false-m61-s11-a22#true-m75-s9-a8#true-m86-s8-a14^#true-m76-ytrue-sfalse-p19#true-m88-ytrue-sfalse-p9}={1,13,15,24,22,19,23,8,11,9,21#46:23>>16#71:13>>14#71:11>>10#75:24>>39#85:22>>28}={1,30,5,17,3,32,19,27,29,22,9#46:29>>11#46:32>>20#65:19>>14#65:22>>33#81:9>>18}
4:14={9_0:0^#true-m39-ytrue-sfalse-p11#false-m57-ytrue-sfalse-p13}={1,20,3,25,4,15,27,31,11,7,9#63:11>>8#63:7>>28#79:31>>22}={1,13,17,5,25,18,6,10,23,14,11#78:11>>7#87:10>>4#90+3:18>>29}
7:11={14_2:1#false-m16-s25-a9-og#true-m22-s9-a20#true-m73-s21-a10^#false-m28-ytrue-sfalse-p25#false-m45+1-ytrue-sfalse-p10#false-m85-ytrue-sfalse-p8}={1,25,33,31,20,28,8,7,21,10,9#65:7>>27#79:33>>3#79:9>>24#89:20>>6#89:10>>17}={1,25,38,28,14,8,17,22,9,10,27#59:25>>33#72:10>>7#89:8>>13#89:38>>16}
9:2={16_0:2#false-m11-s33-a-p#false-m70-s18-a39^#true-m8-ytrue-sfalse-p7#true-m53-ytrue-sfalse-p50#false-m55-ytrue-sfalse-p9#true-m90+2-ytrue-sfalse-p9}={1,2,37,5,7,3,22,23,28,9,50#75:50>>31#76:7>>30#81:22>>25#82:5>>32}={1,3,32,16,4,2,14,44,18,9,33#65:9>>39#77:18>>38#88:44>>25}
12:17={24_1:0#true-m48-s4-a29^#true-m55-ytrue-sfalse-p6#false-m70-ytrue-sfalse-p37#false-m76-ytrue-sfalse-p2#true-m85-ytrue-sfalse-p22#true-m86-ytrue-sfalse-p26#false-m89-ytrue-sfalse-p20}={27,16,3,19,4,30,8,7,6,29,9#80:7>>22#80:29>>26#90+4:9>>5#90+4:3>>23}={1,37,2,29,16,22,38,8,10,27,40#61:27>>7#61:10>>20#80:22>>11#80:38>>19}
16:1={23_0:4#false-m9-s9-a25#false-m25-s24-a25#false-m62-s9-a10#false-m74-s9-a10^#true-m9-ytrue-sfalse-p15}={20,14,4,15,2,18,11,6,21,27,13#57:21>>7#58:18>>29#72:27>>9#73:13>>17#80:2>>19}={1,5,4,7,6,25,42,22,18,24,9#60:42>>10#75:18>>3#75:24>>23#83:25>>40#83:22>>14}
8:6={19_1:2#false-m51-s8-a27#false-m74-s14-a33#true-m81-s30-a10^#false-m28-ytrue-sfalse-p4#false-m36-ytrue-sfalse-p5#true-m45+1-ytrue-sfalse-p13#true-m83-ytrue-sfalse-p15#false-m90+4-ytrue-sfalse-p10}={1,30,5,24,18,20,22,17,32,13,36#61:20>>10#61:22>>29#70:24>>15#79:18>>7#80:13>>14}={1,5,30,33,4,8,38,10,27,19,14#56:30>>24#81:38>>31#89:19>>3#90:27>>11}
13:5={11_1:1#false-m22-s15-a19#true-m38-s11-a22^#true-m15-ytrue-sfalse-p11#true-m36-ytrue-sfalse-p21#false-m40-ytrue-sfalse-p22#false-m49-ytrue-sfalse-p18#true-m73-ytrue-sfalse-p7#false-m90-ytrue-sfalse-p35}={1,6,2,22,4,30,10,16,11,18,21#46:22>>3#46:21>>19#68:11>>7#68:16>>28#84:18>>27}={40,22,2,18,20,15,29,17,8,35,19#79:17>>6#81:19>>39#81:22>>13}
15:18={7_2:2#true-m8-s11-a18#false-m35-s40-a10#false-m67-s16-a33#true-m83-s7-a10^#false-m31-ytrue-sfalse-p27#true-m38-ytrue-sfalse-p39#true-m43-ytrue-sfalse-p30#true-m52-ytrue-sfalse-p4#true-m86-ytrue-sfalse-p3}={1,30,27,4,2,11,8,39,20,18,10#62:39>>19#63:20>>21#74:18>>23#75:8>>7#83:27>>3}={30,27,18,24,13,28,22,33,21,10,40#66:27>>15#66:28>>16#81:40>>4#81:10>>9#90+4:21>>2}
5:15={15_0:2#false-m5-s20-a23#false-m27-s8-a20^#true-m51-ytrue-sfalse-p17#false-m73-ytrue-sfalse-p30#true-m80-ytrue-sfalse-p20#true-m90+4-ytrue-sfalse-p10#true-m90+4-ytrue-sfalse-p39#false-m90+4-ytrue-sfalse-p4}={1,22,13,2,15,10,29,17,8,35,19#46:13>>20#61:17>>39#74:22>>21#87:15>>7}={1,30,27,4,2,11,8,39,20,18,23#61:23>>9#61:39>>16#73:20>>7#83:18>>5#83:11>>21}
6:13={16_5:1#true-m9-s38-a5#true-m24-s19-a31#false-m62-s10-a11#true-m65-s19-a31#true-m69-s19-a30#true-m81-s13-a8^#true-m6-ytrue-sfalse-p38#false-m43-ytrue-sfalse-p3#false-m52-ytrue-sfalse-p19}={1,5,30,33,4,8,38,27,31,19,14#70:14>>13#70:31>>20#78:38>>24#82:4>>3#82:27>>29}={1,6,2,4,3,19,30,10,16,11,18#46:16>>21#46:3>>29#57:18>>7#74:11>>28#74:2>>32}
8:7={4_1:2#false-m18-s10-a-p#true-m40-s17-a23#false-m84-s10-a23^#false-m3-ytrue-sfalse-p21#true-m28-ytrue-sfalse-p5#false-m66-ytrue-sfalse-p31}={1,30,5,28,18,20,23,17,32,8,36#79:23>>7#87:28>>29#87:20>>14}={19,25,23,3,31,28,8,21,27,10,9#58:21>>30#70:27>>7#71:9>>17#88:23>>20#88:10>>24}
10:9={20_2:0#true-m37-s37-a27-og#true-m71-s20-a11^#true-m24-ytrue-sfalse-p27#false-m90+4-ytrue-sfalse-p24}={26,30,17,3,4,8,32,27,11,9,20#67:17>>5#74:11>>29#74:20>>22#86:9>>18#86:8>>14}={1,2,37,5,24,7,3,22,23,9,50#66:50>>14#72:23>>32#72:7>>25#85:37>>34}
11:3={1_2:3#false-m6-s9-a21#true-m45+1-s27-a9#false-m58-s11-a21#false-m66-s17-a21-og#true-m77-s33-a10^#false-m49-ytrue-sfalse-p15#true-m66-ytrue-sfalse-p16#true-m90+3-ytrue-sfalse-p10#false-m90+5-ytrue-sfalse-p22}={1,21,28,14,8,17,13,22,9,10,27#9:14>>33#62:21>>6#62:8>>16#83:17>>7}={1,16,13,15,22,19,8,11,39,9,21#56:19>>10#56:39>>5#63:9>>28#83:21>>18#83:16>>34}
18:12={17_2:1#true-m12-s28-a33#true-m66-s16-a28-og#false-m90+3-s9-a22^#true-m86-ytrue-sfalse-p33#false-m88-ytrue-sfalse-p26}={30,18,24,15,13,28,22,33,21,10,40#69:15>>27#77:28>>16#84:40>>4#84:21>>11}={27,16,3,19,4,30,8,7,6,29,9#66:3>>42#66:16>>5#72:6>>22#72:7>>26#80:30>>18}
17:16={12_2:2#true-m25-s17-a19#false-m36-s4-a6#false-m45-s27-a11#true-m70-s10-a40^#false-m60-ytrue-sfalse-p14#false-m85-ytrue-sfalse-p23#false-m90+2-ytrue-sfalse-p13}={1,37,3,29,16,17,38,8,20,19,27#56:19>>40#65:27>>10#65:16>>2#82:20>>6#82:17>>22}={20,14,4,15,2,18,11,7,6,21,27#61:18>>23#61:21>>29#65:7>>13#80:11>>17#80:2>>19}
2:4={18_2:0#true-m76-s4-a33#true-m84-s32-a22^#true-m33-ytrue-sfalse-p2#true-m37-ytrue-sfalse-p39#false-m59-ytrue-sfalse-p4#true-m67-ytrue-sfalse-p44#true-m73-ytrue-sfalse-p25#true-m82-ytrue-sfalse-p14}={1,3,32,39,4,2,44,27,18,38,33#55:27>>14#55:38>>25#56:39>>16#74:2>>22#81:18>>9}={1,20,3,25,4,15,27,31,8,7,9#46:7>>17#79:8>>28#79:31>>22}
14:1={6_1:4#false-m25-s24-a11#false-m45-s25-a6#false-m75-s10-a#false-m79-s7-a6#true-m80-s10-a19^#true-m70-ytrue-sfalse-p8}={1,4,31,44,17,2,6,8,29,14,11#58:6>>18#58:17>>21#58:31>>3#69:11>>19#80:14>>10}={1,21,5,4,11,7,6,25,24,9,10#69:11>>3#69:24>>18#79:21>>2#80:25>>14#80:7>>42}
14:17={8_1:1#true-m23-s14-a19#false-m48-s40-a19^#true-m56-ytrue-sfalse-p10#true-m84-ytrue-sfalse-p17#false-m85-ytrue-sfalse-p37#true-m86-ytrue-sfalse-p23}={1,20,17,2,5,18,6,10,14,19,11#58:10>>30#75:14>>23#75:11>>3#87:17>>8}={1,37,3,2,29,17,20,23,10,19,27#46:10>>40#46:23>>6#71:17>>22#88:19>>32}
9:5={19_2:3#false-m7-s2-a29#true-m42-s2-a22#false-m47-s7-a25#true-m70-s9-a24#false-m77-s7-a23}={1,2,37,5,24,3,20,22,23,14,9#59:20>>50#59:23>>32#81:14>>31#81:22>>18#85:2>>30}={1,22,25,2,20,6,29,17,8,35,19#46:17>>7#73:8>>23#83:35>>13#87:20>>3#87:29>>36}
12:11={7_2:0#true-m79-s7-a9#true-m83-s19-a-p^#false-m17-ytrue-sfalse-p21#false-m74-ytrue-sfalse-p33}={27,16,42,3,19,30,8,5,6,29,9#67:8>>31#67:5>>7#87:29>>37#87:9>>28#89:6>>22}={1,21,38,8,17,33,13,22,9,10,27#62:21>>11#62:10>>14#63:38>>6#84:13>>44#84:9>>7}
13:7={13_2:0#true-m16-s11-a#true-m59-s28-a7^#false-m42-ytrue-sfalse-p8#false-m60-ytrue-sfalse-p9}={1,32,6,22,4,30,28,10,16,11,7#74:7>>21#80:22>>3#80:16>>19#87:28>>17#87:10>>14}={1,25,23,33,31,28,24,8,14,27,9#61:9>>10#61:24>>7#75:23>>20#75:14>>17#75:33>>18}
15:8={5_1:1#true-m19-s23-a20#false-m38-s14-a23^#false-m28-ytrue-sfalse-p17#true-m57-ytrue-sfalse-p16#true-m64-ytrue-sfalse-p20#true-m74-ytrue-sfalse-p4#false-m82-ytrue-sfalse-p18#false-m90+3-ytrue-sfalse-p14}={1,27,15,4,3,16,11,39,20,18,23#63:39>>8#71:23>>9#71:15>>24#87:16>>19#87:11>>7}={1,25,30,5,28,18,23,17,32,36,14#83:36>>10}
16:10={4_1:0#true-m23-s27-a29^#true-m65-ytrue-sfalse-p29#true-m68-ytrue-sfalse-p7#false-m81-ytrue-sfalse-p29#false-m83-ytrue-sfalse-p27}={20,14,4,15,2,11,7,6,29,27,13#64:13>>18#77:7>>23#85:11>>21#85:27>>9#85:29>>17}={26,30,17,3,4,8,32,27,11,9,20#46:20>>22#60:11>>29#81:8>>18#81:17>>7}
1:2={11_3:2#true-m12-s25-a9#false-m27-s33-a27#true-m44-s9-a11#false-m53-s18-a27#true-m58-s32-a7-og^#true-m22-ytrue-sfalse-p21#false-m45+1-ytrue-sfalse-p27#false-m62-ytrue-sfalse-p18#false-m74-ytrue-sfalse-p39}={1,21,5,4,11,7,6,25,24,9,10#63:24>>42#73:21>>2#84:25>>18#85:11>>23}={1,3,32,16,22,4,44,27,18,25,33#46:44>>17#61:25>>10#61:27>>8#72:22>>39#80:33>>9}
3:6={18_2:5#false-m10-s16-a14-og#true-m16-s30-a19-og#false-m20-s27-a38#false-m28-s8-a14#false-m53-s4-a14#false-m87-s19-a30#true-m89-s27-a18^#true-m26-ytrue-sfalse-p8#false-m46-ytrue-sfalse-p38}={1,16,13,24,5,22,19,8,10,11,21#46:24>>39#61:10>>7#79:21>>18#84:11>>27}={21,5,30,33,4,8,38,10,27,19,14#68:38>>6#81:14>>13#81:27>>20#88:30>>24#88:19>>31}
4:18={14_4:1#true-m7-s8-a11#false-m44-s10-a28-p#true-m49-s8-a11#true-m70-s27-a#true-m75-s17-a27^#false-m45+1-ytrue-sfalse-p33#true-m59-ytrue-sfalse-p8#false-m63-ytrue-sfalse-p22}={1,20,3,25,4,27,31,11,8,9,23#65:11>>15#65:23>>21#65:31>>17#83:9>>7#85:25>>5}={30,2,24,15,13,28,22,33,21,10,40#71:28>>16#71:13>>20#79:15>>27#79:10>>11#85:21>>37}
2:16={2_3:1#true-m25-s18-a25#true-m54-s25-a8#true-m57-s3-a25#false-m90+1-s25-a13^#false-m9-ytrue-sfalse-p29#false-m35-ytrue-sfalse-p4#true-m61-ytrue-sfalse-p32}={1,3,32,39,16,4,8,27,18,25,33#64:33>>9#64:25>>10#70:27>>17#70:16>>2#78:3>>22}={20,14,4,15,2,18,11,6,28,29,9#62:18>>13#62:11>>7#62:29>>17#85:28>>31#85:9>>25}
5:4={24_0:2#false-m28-s9-a-p#false-m90+3-s28-a^#false-m43-ytrue-sfalse-p25#true-m69-ytrue-sfalse-p6#false-m90+6-ytrue-sfalse-p11}={1,24,13,25,2,6,15,29,8,35,19#62:25>>10#70:24>>36#70:19>>39#85:15>>23#85:6>>7}={1,20,3,25,4,15,27,8,9,17,23#62:17>>28#62:8>>31#72:15>>11#90:23>>21}
8:13={22_3:2#true-m30-s17-a14#true-m46-s23-a25#false-m55-s22-a16#true-m67-s25-a32#false-m90+3-s27-a22^#true-m9-ytrue-sfalse-p14#false-m59-ytrue-sfalse-p22#true-m84-ytrue-sfalse-p30#false-m90-ytrue-sfalse-p30}={1,25,30,5,28,18,23,17,32,36,14#80:36>>10#85:18>>7#85:25>>20#85:17>>6#90+1:14>>29}={1,32,6,22,4,30,28,14,16,11,7#63:14>>3#63:7>>18#68:11>>27#68:16>>17#78:28>>21}
10:12={1_1:1#false-m31-s42-a31#true-m69-s18-a27^#false-m7-ytrue-sfalse-p6#false-m76-ytrue-sfalse-p31}={26,30,17,3,4,8,32,27,29,22,9#67:22>>20#67:9>>18#67:8>>19#85:29>>11}={27,16,42,3,19,30,31,7,6,29,9#65:7>>5#78:31>>8#86:9>>28#86:29>>11}
17:1={17_4:2#false-m9-s9-a11#true-m14-s22-a17#true-m38-s19-a-p#true-m40-s2-a6#true-m44-s17-a6#false-m75-s9-a6^#true-m58-ytrue-sfalse-p2#true-m74-ytrue-sfalse-p20#false-m90-ytrue-sfalse-p5}={21,37,3,2,29,22,17,8,6,20,19#72:2>>16#80:19>>40#80:17>>27#80:22>>10#90:20>>4}={26,21,5,4,2,11,7,6,25,9,10#46:2>>24#64:25>>13#75:11>>18}
18:14={16_2:1#true-m1-s10-a33#true-m71-s10-a-p#false-m82-s44-a6^#false-m22-ytrue-sfalse-p5#false-m29-ytrue-sfalse-p14#true-m34-ytrue-sfalse-p27#true-m49-ytrue-sfalse-p28#false-m75-ytrue-sfalse-p19#false-m78-ytrue-sfalse-p29}={26,27,18,24,13,28,22,33,21,10,40#60:40>>16#83:28>>37#83:21>>9#89:10>>4}={1,44,17,2,5,6,8,29,14,19,11#46:11>>23#68:2>>3#68:14>>7#81:8>>30}
6:9={4_4:2#true-m41-s19-a8#false-m49-s18-a23#true-m52-s31-a10#true-m85-s27-a20#false-m88-s18-a50#true-m89-s14-a27^#true-m45-ytrue-sfalse-p10#false-m51-ytrue-sfalse-p3#true-m63-ytrue-sfalse-p8#true-m83-ytrue-sfalse-p5#false-m90+4-ytrue-sfalse-p5}={1,5,30,33,12,8,10,27,31,19,14#70:8>>25#70:10>>20#74:31>>7#90+1:30>>24#90+1:19>>13}={1,37,5,24,15,3,22,16,23,14,18#59:14>>50#71:3>>7#84:15>>31}
7:3={12_0:3#false-m18-s11-a8#false-m25-s11-a21#false-m71-s13-a21^#true-m35-ytrue-sfalse-p25#false-m39-ytrue-sfalse-p19#true-m76-ytrue-sfalse-p30#true-m90+2-ytrue-sfalse-p31#true-m90+5-ytrue-sfalse-p13}={1,25,3,31,20,28,7,21,14,27,10#61:14>>17#61:7>>30#72:10>>11#78:28>>6#78:27>>13}={1,16,13,15,5,22,19,8,11,28,21#73:8>>23#81:21>>18#89:19>>20#90:11>>27#90:13>>14}
11:15={9_2:0#true-m22-s21-a17#true-m51-s33-a10^#true-m45+1-ytrue-sfalse-p8#true-m90+5-ytrue-sfalse-p11}={1,21,14,8,11,17,33,18,22,9,10#62:33>>3#74:9>>7#74:21>>38#84:18>>6#84:8>>16}={1,27,5,4,2,7,11,8,39,18,23#57:2>>3#62:18>>21#62:5>>24#62:23>>9#75:11>>10}
12:6={5_3:2#false-m35-s14-a10#true-m57-s3-a31#false-m74-s13-a19#true-m84-s5-a19#true-m88-s11-a22^#false-m31-ytrue-sfalse-p31#false-m56-ytrue-sfalse-p10#true-m66-ytrue-sfalse-p3#true-m90+5-ytrue-sfalse-p11}={27,16,42,3,19,30,31,7,6,29,9#69:7>>22#82:31>>5#82:29>>37#82:9>>11#90+1:6>>8}={1,30,33,4,12,8,10,27,31,19,14#48:14>>13#71:31>>7#71:10>>20}
4:11={25_1:2#true-m36-s23-a17#false-m73-s7-a3#false-m78-s27-a14^#true-m11-ytrue-sfalse-p17#false-m87-ytrue-sfalse-p7#false-m90+2-ytrue-sfalse-p17}={1,20,3,25,4,15,27,8,9,17,23#65:17>>28#65:8>>31#83:3>>22#90+1:15>>21}={1,21,38,14,17,33,18,22,9,10,27#43:22>>6#46:10>>3#70:38>>7#70:18>>16#86:33>>25}
9:17={13_1:1#true-m56-s37-a23-og#false-m90+4-s38-a40-p^#false-m23-ytrue-sfalse-p6#false-m60-ytrue-sfalse-p22#false-m64-ytrue-sfalse-p2#false-m90-ytrue-sfalse-p40}={1,2,5,24,15,3,22,16,23,14,18#20:14>>17#73:17>>37#86:22>>11#87:23>>20}={1,37,3,2,29,22,17,8,6,19,27#53:17>>10#62:27>>38#62:19>>40#62:3>>16}
13:10={18_1:2#false-m4-s18-a22#true-m16-s11-a7#false-m26-s4-a30^#true-m63-ytrue-sfalse-p28#false-m74-ytrue-sfalse-p4}={1,32,6,22,4,30,8,28,16,11,7#60:7>>27#60:8>>14#71:22>>29#72:28>>17#80:16>>18}={26,30,3,4,8,32,27,29,22,7,18#55:7>>17#74:29>>11#74:22>>20#74:18>>9#87:32>>5}
15:7={16_1:0#true-m53-s11-a20^#false-m35-ytrue-sfalse-p3#false-m78-ytrue-sfalse-p6}={1,27,5,4,3,16,11,8,39,20,23#63:5>>15#63:23>>9#80:20>>18#84:11>>7}={1,25,33,3,20,8,21,6,14,27,10#57:33>>9#75:14>>18#75:8>>30#84:10>>17#84:20>>23}
16:5={7_1:0#true-m84-s27-a28^#true-m46-ytrue-sfalse-p9#false-m63-ytrue-sfalse-p13#false-m89-ytrue-sfalse-p6}={1,14,4,15,2,11,7,6,28,9,13#61:9>>27#80:11>>29#80:7>>17#88:2>>21#88:13>>18}={1,22,13,2,6,10,29,17,8,35,19#46:17>>15#76:29>>23#82:22>>24#90:35>>25#90:15>>9}
1:18={9_4:1#false-m42-s10-a#true-m46-s9-a13#true-m61-s22-a25-og#true-m82-s9-a4#true-m90+1-s13-a7^#true-m45-ytrue-sfalse-p9#false-m80-ytrue-sfalse-p4#true-m88-ytrue-sfalse-p6}={26,21,5,3,2,6,25,18,24,9,10#25:24>>7#46:3>>13#53:21>>4#87:18>>22#87:10>>14}={26,27,18,24,13,28,22,33,21,10,40#22:28>>16#62:40>>4#69:10>>9#69:33>>37}
3:8={8_6:0#true-m26-s11-a21#true-m32-s21-a11#true-m70-s39-a11#true-m74-s18-a11#true-m81-s11-a15#true-m90+1-s23-a39-p^#true-m12-ytrue-sfalse-p5#false-m14-ytrue-sfalse-p25#true-m35-ytrue-sfalse-p8}={1,13,15,5,22,23,8,10,11,7,21#30:7>>19#42:5>>34#67:13>>14#68:10>>39#68:21>>18}={1,25,30,5,28,18,23,17,32,36,14#46:5>>10#67:18>>29#78:17>>6}
14:2={10_1:6#false-m20-s39-a9#true-m48-s19-a18#false-m64-s18-a-p#false-m67-s18-a25#false-m74-s25-a33#false-m81-s8-a14#false-m88-s9-a25^#true-m25-ytrue-sfalse-p23#false-m34-ytrue-sfalse-p32#true-m62-yfalse-sfalse-p20#false-m64-ytrue-sfalse-p18#true-m84-ytrue-sfalse-p18#false-m84-ytrue-sfalse-p8}={1,3,44,20,2,18,6,23,29,14,19#70:19>>11#76:14>>46#76:23>>7}={1,32,39,22,4,2,10,8,18,17,9#46:2>>16#60:10>>27#60:17>>25#70:18>>33#80:39>>14}
11:9={12_2:1#false-m58-s3-a9#true-m85-s14-a16#true-m90-s14-a7^#true-m16-ytrue-sfalse-p8#true-m32-ytrue-sfalse-p14#true-m45+4-ytrue-sfalse-p21#false-m81-ytrue-sfalse-p2#false-m90+5-ytrue-sfalse-p20}={1,21,3,38,14,8,11,17,33,9,27#58:8>>16#70:3>>10#70:9>>13#81:33>>7}={1,2,37,5,15,3,22,16,23,17,18#37:23>>20#46:22>>9#73:15>>30#86:17>>11}
6:15={14_3:0#true-m30-s13-a7#true-m57-s19-a27#true-m81-s19-a24^#false-m60-ytrue-sfalse-p16}={1,5,30,4,12,20,25,27,13,19,7#76:30>>24#76:25>>10#82:5>>33#82:19>>31#86:4>>6}={1,15,5,4,3,16,11,8,39,20,23#46:23>>10#46:39>>7#76:20>>21#76:11>>24#86:8>>18}
7:12={6_3:1#true-m7-s24-a23#true-m56-s27-a23#true-m75-s14-a27#false-m90-s37-a6^#false-m18-ytrue-sfalse-p42#true-m42-ytrue-sfalse-p28#false-m58-ytrue-sfalse-p31#false-m60-ytrue-strue-p31#true-m67-ytrue-sfalse-p3#true-m90+2-ytrue-sfalse-p25#false-m90+2-ytrue-sfalse-p22#true-m90+2-ytrue-sfalse-p8}={1,25,23,3,31,28,24,8,21,27,9#67:9>>14#76:24>>30#76:27>>10#86:23>>20#86:21>>7}={27,16,42,3,19,30,31,7,6,29,9#62:42>>22#62:9>>11#70:16>>25#70:7>>5#77:29>>37}
8:4={15_2:2#false-m6-s23-a20#false-m33-s3-a17#true-m42-s10-a14#true-m82-s36-a14^#true-m34-ytrue-sfalse-p1#false-m37-ytrue-sfalse-p17#false-m37-ytrue-sfalse-p20#true-m65-ytrue-sfalse-p15#false-m70-yfalse-sfalse-p4#false-m76-ytrue-sfalse-p1#false-m90+3-ytrue-sfalse-p31}={1,25,15,30,28,18,23,6,32,14,10#60:6>>17#77:10>>36#81:18>>7}={1,20,3,25,4,15,27,8,9,17,23#46:17>>31#58:20>>19#58:8>>24#78:9>>11}
10:14={11_3:0#true-m12-s32-a22-p#true-m83-s20-a11#true-m86-s9-a33^#true-m21-ytrue-sfalse-p27#false-m24-ytrue-sfalse-p19#false-m74-ytrue-sfalse-p3}={26,30,17,3,4,8,32,27,29,22,18#64:22>>20#64:18>>9#82:29>>11#82:32>>33#90:3>>31}={37,3,4,44,2,6,23,8,29,14,19#69:44>>34#70:6>>30#78:14>>7#78:23>>10}
18:16={17_1:1#false-m52-s11-a14#true-m69-s22-a27^#true-m22-ytrue-sfalse-p21#false-m29-ytrue-sfalse-p6#false-m70-ytrue-sfalse-p28}={26,27,18,24,13,28,22,33,21,10,40#57:21>>16#86:40>>9}={20,14,4,15,2,11,6,28,29,27,13#64:6>>7#75:11>>21#75:29>>17#84:27>>9#84:13>>18}
5:1={2_0:1#false-m71-s10-a6^#true-m32-ytrue-sfalse-p25#false-m32-ytrue-sfalse-p21#false-m64-ytrue-sfalse-p6}={1,24,13,25,2,7,10,29,8,35,36#67:36>>19#78:25>>23#82:29>>15#83:7>>9}={26,21,5,4,2,11,7,6,42,18,9#67:18>>10#82:42>>22#89:11>>13}
17:2={4_0:1#false-m82-s18-a39^#false-m70-ytrue-sfalse-p2#true-m87-ytrue-sfalse-p2}={1,37,3,2,29,38,8,20,10,27,40#71:40>>19#72:10>>17#72:27>>22#86:38>>7}={1,3,16,22,4,2,14,10,8,17,9#58:9>>33#58:17>>18#58:14>>25#72:22>>39#81:10>>27}
13:3={1_1:1#false-m35-s10-a8#true-m78-s17-a10^#true-m19-ytrue-sfalse-p16#true-m47-ytrue-sfalse-p30#false-m87-ytrue-sfalse-p22}={1,6,4,3,19,20,30,10,16,11,18#59:30>>8#59:18>>7#70:11>>17#70:3>>22#89:16>>29}={1,13,15,34,22,19,23,8,10,28,21#68:19>>39#68:21>>18#81:8>>20}
15:13={4_0:1#false-m50-s20-a22^#false-m21-ytrue-sfalse-p20#false-m26-ytrue-sfalse-p8#true-m45+4-ytrue-sfalse-p39#true-m54-ytrue-sfalse-p9#false-m73-ytrue-sfalse-p11#true-m75-ytrue-sfalse-p27#false-m78-ytrue-sfalse-p3#false-m90+1-ytrue-sfalse-p14}={1,30,27,4,3,7,16,11,39,20,9#67:20>>18#67:11>>21#76:27>>15#76:7>>24#76:9>>10}={1,6,22,4,19,20,8,10,17,16,11#33:19>>26#68:16>>3#68:17>>28#87:20>>32#87:10>>14}
1:6={18_1:1#true-m18-s4-a6#false-m36-s25-a10-og^#false-m32-ytrue-sfalse-p5#false-m54-ytrue-sfalse-p10#true-m72-ytrue-sfalse-p11}={26,5,3,4,2,11,7,6,25,42,9#61:25>>18#61:3>>10#74:7>>13#86:11>>20}={1,5,30,33,4,12,20,10,27,31,19#70:31>>25#82:5>>6#89:19>>9#89:27>>13}
2:10={25_1:1#false-m38-s11-a4#true-m90-s3-a17^#true-m68-ytrue-sfalse-p39}={1,3,32,16,22,4,10,8,44,18,9#58:22>>39#58:44>>25#59:9>>33#79:10>>17}={26,30,5,17,3,4,8,32,19,11,9#65:4>>25#65:32>>29#79:9>>18#79:11>>22#89:5>>31}
4:7={10_1:0#true-m24-s14-a27-og^#false-m90-ytrue-sfalse-p30}={1,20,3,25,19,15,27,24,21,9,23#64:24>>8#64:21>>10#76:20>>11#86:9>>31}={1,25,33,31,20,24,8,21,6,14,27#64:24>>30#71:27>>9#71:14>>10#82:33>>7#82:8>>11}
14:5={13_1:4#false-m17-s36-a10#false-m48-s35-a2#false-m56-s29-a13#true-m61-s7-a29#false-m63-s19-a15^#true-m61-ytrue-sfalse-p27#false-m73-ytrue-sfalse-p23#true-m73-ytrue-sfalse-p17#false-m84-ytrue-sfalse-p9}={37,4,20,17,2,6,23,8,29,19,30#56:6>>7#56:30>>27#56:23>>14}={1,13,2,6,15,10,29,8,35,19,36#72:19>>9#73:29>>23#83:36>>22#83:15>>7#88:8>>3}
17:18={16_2:1#true-m35-s29-a38#false-m64-s37-a10-og#true-m71-s8-a27^#false-m34-ytrue-sfalse-p22#false-m39-ytrue-sfalse-p27#true-m44-ytrue-sfalse-p2#false-m53-ytrue-sfalse-p10#false-m73-ytrue-sfalse-p15#true-m82-ytrue-sfalse-p27}={1,37,3,2,29,22,17,38,8,20,40#65:17>>10#65:38>>27#74:22>>7#74:2>>16#90+1:20>>4}={26,27,18,24,13,28,22,33,21,10,40#46:28>>16#46:27>>15#67:40>>11#82:13>>9#82:21>>37}
9:8={7_3:2#false-m14-s14-a32#false-m35-s10-a14#true-m38-s3-a18#true-m51-s22-a9#true-m83-s9-a24^#false-m27-ytrue-sfalse-p25#true-m54-ytrue-sfalse-p2#false-m81-ytrue-sfalse-p29}={1,2,37,5,24,3,22,16,9,17,18#89:17>>7#90:22>>20#90+4:18>>25}={1,25,30,28,29,23,17,6,32,14,10#72:17>>36#84:14>>20}
16:11={8_0:1#false-m61-s38-a17^#true-m61-ytrue-sfalse-p7#false-m85-ytrue-sfalse-p14#false-m90+2-ytrue-sfalse-p1#false-m90+5-ytrue-sfalse-p11#false-m90+5-ytrue-sfalse-p10}={20,24,23,15,2,11,7,6,28,27,13#72:7>>29#72:11>>9#80:23>>17#89:24>>18#89:13>>25}={1,25,3,38,14,11,17,18,13,9,27#56:9>>33#78:27>>10#78:25>>22#90+2:18>>15}
12:3
7:9
10:4
11:1
8:14
6:16
3:15
5:17
18:2
13:12
17:8
9:13
12:15
14:11
18:10
1:7
2:5
4:6
16:3
7:16
5:18
6:14
10:1
11:17
15:9
3:2
13:4
8:12
9:3
1:13
4:15
16:12
18:8
14:7
17:6
5:10
2:11
3:4
10:17
12:9
13:14
8:16
15:1
7:5
11:18
6:2
1:3
2:7
4:12
5:11
10:8
14:9
16:15
17:13
18:6
3:17
6:5
7:18
8:2
9:4
11:10
12:1
13:16
15:14
1:9
2:13
5:8
10:7
11:6
14:12
16:4
17:15
18:3
3:14
4:1
6:10
7:17
8:11
9:16
12:5
13:18
15:2
