14:1={18_2:3#false-m12-s34-a#false-m38-s10-a20#true-m59-s30-a#true-m85-s11-a7#false-m90+11-s10-a^#true-m90+13-ytrue-sfalse-p22}={1,30,3,20,29,9,27,7,8,11,14#71:14>>31#71:27>>16#90+5:20>>2#90+5:9>>22#90+6:11>>19}={1,30,20,3,4,12,8,7,10,34,22#65:7>>11#82:8>>24#82:22>>21}
4:16={3_1:0#true-m59-s7-a10^#false-m15-ytrue-sfalse-p19#false-m23-ytrue-sfalse-p32#true-m35-ytrue-sfalse-p10#false-m81-ytrue-sfalse-p6#true-m85-yfalse-sfalse-p4}={1,23,4,22,2,8,44,13,10,11,30#55:2>>39#55:13>>7#75:30>>9#75:8>>16#86:11>>14}={27,4,13,32,19,7,8,15,6,29,33#63:7>>9#71:33>>22#71:8>>24#86:13>>14#86:29>>18}
7:18={21_3:2#true-m6-s27-a21-p#true-m37-s27-a21#false-m63-s11-a8#true-m87-s27-a29#false-m89-s18-a22^#false-m5-ytrue-sfalse-p1#true-m14-ytrue-sfalse-p23#false-m81-ytrue-sfalse-p16#false-m82-ytrue-strue-p16#true-m90+3-ytrue-sfalse-p33}={1,25,4,3,11,22,6,16,21,23,27#59:23>>10#68:21>>29#68:11>>8#89:22>>34#90:27>>33}={1,17,4,3,10,6,24,27,11,18,9#46:3>>8#46:27>>16#54:9>>20#79:24>>22#82:10>>15}
10:2={23_3:1#false-m2-s9-a18#true-m26-s17-a20#true-m54-s42-a30#true-m61-s17-a32^#true-m41-ytrue-sfalse-p20#true-m56-ytrue-sfalse-p3#false-m64-ytrue-sfalse-p7}={21,30,17,3,37,42,8,32,6,34,20#63:34>>9#72:42>>22#73:8>>28#82:32>>23#82:17>>43}={33,24,13,15,27,16,8,6,9,18,26#57:13>>7#65:26>>32#65:16>>17#65:15>>45#81:27>>11}
11:9={20_2:2#false-m12-s27-a8#true-m16-s8-a21#true-m35-s9-a18#false-m58-s11-a8^#true-m55-ytrue-sfalse-p27#true-m90+3-ytrue-sfalse-p9#true-m90+3-ytrue-sfalse-p6#false-m90+5-ytrue-sfalse-p17}={22,13,6,3,31,18,27,10,8,9,21#59:10>>24#59:18>>30#66:21>>23#79:13>>11#80:27>>15}={1,27,32,4,13,8,14,20,6,7,42#46:42>>11#46:4>>3#81:7>>17#88:20>>10#90+4:14>>28}
13:15={14_1:1#true-m53-s18-a#false-m74-s20-a21^#true-m7-ytrue-sfalse-p31#false-m45+3-ytrue-sfalse-p29#false-m52-ytrue-sfalse-p5#false-m90+8-ytrue-sfalse-p6}={27,19,25,5,2,6,18,31,7,29,9#31:5>>16#76:9>>11#85:19>>8#85:6>>44}={1,5,6,4,28,2,8,13,29,16,17#65:29>>7#72:28>>19#72:16>>21#72:13>>20#83:2>>14}
5:6={25_2:0#true-m72-s43-a13#true-m90+3-s43-a5^#false-m86-ytrue-sfalse-p15}={1,3,26,4,25,10,23,13,20,27,21#59:21>>14#59:27>>43#81:20>>8#81:23>>7#85:10>>5}={1,4,13,3,35,8,27,16,15,11,7#69:3>>29#69:7>>9#76:27>>6#76:8>>20#77:11>>36}
12:3={19_2:3#false-m20-s42-a23#true-m47-s19-a11-p#true-m55-s19-a39#false-m65-s16-a9-og#false-m82-s7-a9^#false-m31-ytrue-sfalse-p9#false-m46-ytrue-sfalse-p23#false-m70-ytrue-sfalse-p42#true-m71-ytrue-sfalse-p32#true-m82-ytrue-sfalse-p5}={1,20,3,2,5,27,16,19,32,39,11#71:39>>17#78:19>>31#85:32>>23}={1,23,19,3,2,6,42,17,45,7,9#65:23>>25#75:17>>11#81:3>>15}
17:8={12_0:2#false-m66-s10-a18#false-m82-s3-a17^#true-m18-ytrue-sfalse-p7#false-m22-ytrue-sfalse-p33#true-m28-ytrue-sfalse-p39#false-m74-ytrue-sfalse-p23#false-m78-ytrue-sfalse-p5}={22,3,21,8,23,5,7,24,39,11,29#76:29>>17#76:21>>2#76:39>>16#84:24>>26}={1,19,5,6,23,21,33,3,10,14,8#62:8>>31#62:21>>18#81:14>>20#81:10>>17#90+2:23>>2}
15:17={6_1:0#true-m34-s16-a^#false-m45+1-ytrue-sfalse-p29#true-m76-ytrue-sfalse-p16#true-m90+1-ytrue-sfalse-p14#true-m90+4-ytrue-sfalse-p11}={1,5,4,15,2,19,8,29,16,17,7#67:7>>20#67:29>>13#78:16>>21#89:17>>11#89:15>>14}={22,3,21,8,23,5,7,24,39,11,29#40:8>>25#61:29>>17#61:39>>26#83:11>>19#83:21>>16}
2:13={9_3:3#true-m8-s8-a27#true-m15-s18-a33#false-m43-s18-a29-p#false-m62-s29-a25#true-m88-s32-a#false-m90+4-s5-a30^#true-m36-ytrue-sfalse-p16#true-m53-ytrue-sfalse-p24#true-m57-ytrue-sfalse-p8#false-m71-ytrue-sfalse-p1-b#false-m79-ytrue-sfalse-p30#true-m84-ytrue-sfalse-p4}={33,24,45,7,15,27,16,8,6,18,26#46:27>>32#46:15>>4#74:26>>9#74:18>>10#89:7>>3}={27,16,19,25,2,6,18,14,31,7,29#46:16>>5#64:14>>11#73:19>>30#87:18>>4#87:7>>22}
6:7={2_3:1#true-m24-s11-a7#true-m33-s16-a11#false-m54-s27-a23#true-m56-s7-a27^#false-m11-ytrue-sfalse-p4#false-m64-ytrue-sfalse-p28#false-m72-ytrue-sfalse-p25}={1,4,13,29,3,35,27,16,15,11,7#65:11>>9#79:27>>20#80:7>>8#80:29>>36#90+4:35>>34}={1,25,4,3,8,22,6,16,21,23,27#46:4>>2#46:21>>10#59:8>>28#73:22>>29#85:6>>26}
9:5={10_0:0^#false-m29-ytrue-sfalse-p3#false-m34-ytrue-sfalse-p25#true-m41-ytrue-sfalse-p8#false-m48-ytrue-sfalse-p26#false-m53-ytrue-sfalse-p4#true-m59-ytrue-sfalse-p32#false-m73-ytrue-strue-p4#false-m85-ytrue-sfalse-p5#false-m90+1-ytrue-sfalse-p13}={1,27,32,3,4,8,14,20,6,7,11#82:11>>42#90:7>>17}={1,3,26,4,25,10,23,13,20,14,43#57:25>>5#57:43>>27#71:14>>21#77:10>>8}
16:14={22_0:2#false-m67-s11-a9#false-m78-s9-a11^#true-m89-ytrue-sfalse-p24}={27,4,13,32,19,10,8,15,6,29,33#46:8>>9#46:29>>22#65:33>>7#81:6>>24#81:13>>14}={1,30,3,20,29,9,16,7,8,11,14#68:16>>27#68:14>>25#82:11>>31#82:9>>19#87:20>>22}
18:12={8_0:2#false-m27-s27-a#false-m30-s3-a27^#false-m19-ytrue-sfalse-p32#false-m35-ytrue-sfalse-p39#false-m41-ytrue-sfalse-p20#false-m43-ytrue-sfalse-p2#true-m48-ytrue-sfalse-p11#false-m51-ytrue-sfalse-p11#true-m58-ytrue-sfalse-p24#false-m77-ytrue-sfalse-p5#false-m88-ytrue-sfalse-p27#true-m90+7-ytrue-sfalse-p20#true-m90+9-ytrue-sfalse-p14}={1,17,4,5,3,10,24,8,11,18,9#46:3>>14#63:11>>20#63:8>>37#75:24>>22#86:10>>23}={1,20,3,2,5,27,16,19,32,39,11#45+1:19>>8#74:32>>23#80:20>>31#80:11>>24}
1:4={13_2:3#true-m38-s30-a#true-m45-s20-a10#false-m45+7-s44-a39#false-m57-s11-a30#false-m80-s11-a7^#true-m12-ytrue-sfalse-p22#true-m18-ytrue-sfalse-p30#false-m61-ytrue-sfalse-p16#true-m82-ytrue-sfalse-p12}={17,30,20,3,4,12,24,10,34,22,11#71:11>>21#77:22>>14#77:30>>19#86:12>>13}={1,5,39,16,23,22,8,44,10,11,30#15:8>>13#67:30>>7#89:11>>9#89:44>>14#89:39>>18}
8:11={15_4:0#true-m9-s10-a-p#true-m30-s8-a18#true-m69-s21-a10#true-m73-s14-a31^#false-m45+7-ytrue-sfalse-p6#false-m67-ytrue-sfalse-p31#false-m69-ytrue-sfalse-p8#true-m90+4-ytrue-sfalse-p17#false-m90+4-ytrue-sfalse-p16}={1,19,5,6,23,21,33,3,10,18,8#41:33>>20#70:10>>31#70:18>>14#81:8>>17#81:21>>4}={22,13,6,3,31,18,24,10,8,9,21#46:3>>11#46:24>>16#59:21>>15#63:18>>36#74:10>>17}
3:10={7_2:0#true-m38-s9-a-p#true-m78-s25-a7^#true-m31-ytrue-sfalse-p2}={1,22,3,2,6,42,17,45,7,9,39#59:39>>11#59:17>>25#74:45>>16#74:42>>27#90:2>>8}={21,30,17,3,37,42,8,32,6,34,20#63:34>>18#63:32>>22#72:6>>9#81:17>>33#81:30>>43}
5:8={18_4:2#true-m11-s21-a27#true-m17-s27-a10#false-m39-s18-a23#true-m41-s27-a26#false-m74-s14-a29-p#true-m90+3-s23-a-p^#false-m63-ytrue-sfalse-p10#true-m82-ytrue-sfalse-p43#false-m83-ytrue-sfalse-p29#true-m86-ytrue-sfalse-p2}={1,3,5,26,25,10,13,8,27,9,21#59:21>>20#72:9>>14#72:5>>2#79:10>>23#79:27>>43}={1,19,5,6,23,21,33,3,10,18,8#46:21>>31#68:18>>29#68:10>>14#68:8>>39#86:33>>17}
4:15={12_0:0^#false-m26-ytrue-sfalse-p20#true-m53-ytrue-sfalse-p8#false-m61-ytrue-sfalse-p8#true-m74-ytrue-sfalse-p44#false-m85-ytrue-sfalse-p5}={1,3,39,16,23,22,8,44,10,11,30#66:8>>18#66:30>>7#79:39>>14#88:3>>5#88:44>>9}={1,5,4,15,2,20,19,8,13,21,16#56:21>>17#56:20>>7#69:16>>11#81:13>>36#81:15>>14}
7:1={17_1:4#false-m17-s11-a22#false-m30-s22-a34#true-m37-s10-a27#false-m72-s10-a20-p#false-m75-s22-a30^#true-m35-ytrue-sfalse-p22#false-m39-ytrue-sfalse-p11#false-m51-ytrue-sfalse-p8#true-m90+1-ytrue-sfalse-p25}={1,25,4,3,8,11,22,16,10,21,27#61:22>>15#61:10>>29#76:4>>7#87:27>>17#87:21>>33}={1,20,3,4,12,8,10,34,22,19,11#57:19>>30#80:11>>21#80:8>>24#86:22>>14#86:3>>23}
10:16={19_2:1#false-m45-s9-a32#true-m58-s20-a32#true-m61-s20-a17^#false-m81-ytrue-sfalse-p22#false-m82-ytrue-sfalse-p11#false-m90+4-ytrue-sfalse-p32}={1,30,17,3,37,42,8,32,6,34,20#39:34>>18#46:3>>28#46:6>>27#80:42>>9#87:20>>25}={27,4,13,32,19,10,23,15,6,9,29#65:23>>11#65:9>>7#65:29>>33#77:19>>22#87:10>>18}
12:6={14_1:2#false-m30-s7-a11#true-m76-s20-a9#false-m82-s7-a-p^#false-m25-ytrue-sfalse-p15#false-m46-ytrue-sfalse-p8#true-m80-ytrue-sfalse-p27}={1,20,3,2,5,27,16,8,32,39,11#46:8>>9#71:11>>23#71:39>>17#71:32>>6#88:2>>4}={1,4,13,29,3,35,27,16,15,11,7#46:27>>8#46:1>>40#67:29>>36#74:11>>9#85:16>>5}
14:2={4_1:3#false-m21-s26-a18#true-m27-s14-a7#false-m57-s9-a32#false-m61-s9-a32^#false-m14-ytrue-sfalse-p4#true-m37-ytrue-sfalse-p8#false-m88-ytrue-sfalse-p23#true-m90+2-ytrue-sfalse-p3}={1,30,3,20,29,9,16,7,8,11,14#29:14>>19#65:16>>27#65:9>>25#76:7>>10#76:8>>31}={33,24,45,7,4,16,32,6,9,18,26#63:4>>29#63:26>>8#75:32>>27#75:9>>10#83:18>>23}
18:3={16_1:6#false-m1-s42-a9#false-m7-s9-a7#false-m13-s22-a42-og#false-m43-s9-a11#false-m65-s17-a19#true-m82-s37-a27#false-m90+1-s9-a9-p^#false-m81-ytrue-sfalse-p16}={1,17,4,33,5,10,24,8,22,18,9#46:33>>27#46:4>>14#64:18>>20#76:8>>23#76:10>>37}={1,23,22,3,2,6,42,16,11,7,9#46:42>>25#46:7>>17#64:22>>19#64:23>>27#76:11>>39}
11:17={25_3:1#true-m47-s11-a9#true-m66-s21-a19#false-m74-s16-a26#true-m90+6-s7-a17^#false-m5-ytrue-sfalse-p29#false-m22-ytrue-sfalse-p21#true-m39-ytrue-sfalse-p9#true-m58-ytrue-sfalse-p8#true-m62-ytrue-sfalse-p13#true-m90+4-ytrue-sfalse-p21#false-m90+4-ytrue-sfalse-p3}={22,23,13,6,31,11,17,19,8,16,9#61:11>>3#62:16>>21#78:9>>7#83:13>>44#83:19>>10}={22,3,21,8,23,5,16,7,39,11,29#34:29>>17#46:39>>26#46:21>>2#84:11>>19#89:16>>25}
13:9={3_1:2#false-m8-s7-a11-p#true-m27-s7-a#false-m69-s19-a20^#true-m45-ytrue-sfalse-p19#true-m45+1-ytrue-sfalse-p31#false-m60-yfalse-sfalse-p32#false-m60-ytrue-sfalse-p1#true-m66-ytrue-sfalse-p2}={27,19,3,5,2,6,18,14,31,7,29#65:14>>11#79:19>>8#79:6>>30#79:2>>9#90:31>>4}={1,27,32,3,4,8,14,20,6,7,11#12:11>>17#67:27>>22#67:7>>19#90+1:17>>28#90+1:14>>42}
11:13={22_2:3#false-m13-s11-a2#false-m15-s29-a2#true-m25-s31-a6#false-m49-s29-a14#true-m57-s9-a13^#false-m28-ytrue-sfalse-p25#false-m33-ytrue-sfalse-p18#false-m35-ytrue-strue-p18#true-m70-yfalse-sfalse-p9#true-m84-ytrue-sfalse-p19#false-m90-ytrue-sfalse-p31#false-m90+7-ytrue-sfalse-p30#true-m90+12-ytrue-sfalse-p6#true-m90+11-ytrue-sfalse-p8-b}={22,23,13,6,31,11,17,19,8,16,9#46:23>>15#61:17>>10#72:16>>21#80:11>>7#80:8>>24}={27,19,25,3,2,6,18,14,31,29,11#39:11>>4#63:14>>5#88:29>>9#88:19>>30}
8:10={3_0:3#false-m54-s42-a18#false-m59-s32-a20#false-m65-s32-a9^#false-m57-ytrue-sfalse-p20#true-m74-ytrue-sfalse-p18}={1,2,19,5,6,23,33,10,14,17,18#60:2>>31#60:17>>8#60:14>>9#71:33>>39#71:10>>3}={1,28,30,17,3,42,8,32,6,20,18#63:18>>9#70:20>>23#81:30>>33#81:42>>44#81:32>>7}
9:3={6_0:5#false-m23-s17-a9#false-m32-s42-a17#false-m57-s9-a17#false-m60-s17-a#false-m65-s7-a9^#false-m38-ytrue-sfalse-p27#false-m68-ytrue-sfalse-p45#false-m77-ytrue-sfalse-p2}={1,27,3,5,4,8,14,20,6,7,17#46:17>>19#46:7>>42#66:6>>28#79:5>>22#87:27>>2}={26,19,3,2,6,27,42,17,45,11,9#57:11>>7#57:27>>22#70:45>>16#70:17>>10#76:9>>25}
15:7={13_2:1#true-m4-s15-a17#true-m6-s11-a15#false-m67-s21-a^#true-m23-ytrue-sfalse-p17#false-m50-ytrue-sfalse-p3#true-m71-ytrue-sfalse-p15#false-m79-ytrue-sfalse-p7#true-m85-ytrue-sfalse-p7#false-m89-ytrue-sfalse-p17}={1,5,4,15,2,19,11,8,13,16,17#46:17>>21#65:16>>7#70:19>>28#70:11>>20#76:15>>14}={1,25,4,2,3,7,22,16,10,21,27#46:4>>17#46:2>>15#58:10>>26#84:7>>29#90:22>>23}
16:18={15_2:2#false-m15-s9-a16#true-m22-s19-a9#true-m35-s7-a33#false-m89-s18-a7^#true-m39-ytrue-sfalse-p19#true-m48-ytrue-sfalse-p10#true-m77-ytrue-sfalse-p33#true-m78-ytrue-sfalse-p15#false-m90+4-ytrue-sfalse-p24}={27,4,13,32,19,7,10,15,6,9,33#16:4>>8#63:7>>11#63:9>>29#85:33>>24}={1,17,14,5,37,10,16,24,8,27,9#46:27>>23#64:10>>7#64:16>>20#79:14>>18#81:37>>22}
6:14={23_2:0#true-m30-s16-a36#true-m80-s7-a19^#false-m13-ytrue-sfalse-p8#true-m39-ytrue-sfalse-p3}={40,4,13,3,35,8,16,15,11,36,7#70:8>>26#78:11>>9#78:36>>19#85:7>>29#85:16>>18}={33,30,3,20,29,25,19,27,7,8,11#71:19>>31#71:8>>16#71:25>>14#79:27>>10}
1:12={20_4:3#false-m5-s23-a9-og#true-m14-s10-a34#true-m32-s4-a20#false-m37-s3-a16#false-m45+1-s32-a4#true-m49-s3-a24#true-m90+3-s22-a25^#true-m36-ytrue-sfalse-p44#true-m45+5-ytrue-sfalse-p20#false-m50-ytrue-sfalse-p11#true-m51-ytrue-sfalse-p21#false-m80-ytrue-sfalse-p5#true-m88-ytrue-sfalse-p30#false-m88-yfalse-sfalse-p31#false-m90+1-ytrue-sfalse-p1#false-m90+1-ytrue-sfalse-p27#false-m90+7-ytrue-sfalse-p16}={1,44,20,23,4,12,24,10,34,21,14#46:44>>3#46:23>>30#56:21>>11#68:14>>22#79:24>>25}={1,20,3,2,5,27,16,32,39,9,11#42:20>>4#71:11>>31#71:39>>6#71:32>>8#90+2:9>>18}
2:5={2_5:1#true-m4-s26-a7#true-m21-s9-a7#true-m62-s8-a16#false-m75-s9-a43#true-m80-s10-a8#true-m90-s26-a8^#true-m17-ytrue-sfalse-p18#false-m73-ytrue-sfalse-p23#false-m77-ytrue-sfalse-p20#false-m81-ytrue-sfalse-p5}={33,24,7,29,4,16,8,6,9,18,26#70:9>>32#70:24>>23#70:7>>45#78:4>>10#85:6>>27}={1,3,26,4,25,10,13,8,20,27,9#30:8>>43#46:26>>2#46:27>>5#63:13>>21#72:10>>23}
17:4={10_0:0^#false-m23-ytrue-sfalse-p8#true-m29-ytrue-sfalse-p23#true-m71-ytrue-sfalse-p26}={22,3,2,8,23,5,16,7,17,11,26#69:11>>29#69:2>>25#82:16>>24#89:17>>18}={1,3,16,4,22,14,8,13,10,9,30#62:9>>11#62:8>>18#62:14>>7#74:22>>39#74:30>>19}
5:16={4_4:2#false-m16-s19-a33#false-m21-s10-a#true-m44-s9-a10#true-m62-s23-a9-p#true-m75-s9-a27#true-m81-s8-a27^#true-m58-ytrue-sfalse-p2#true-m70-ytrue-sfalse-p13}={1,3,2,26,4,10,23,13,27,43,9#66:43>>16#74:10>>14#74:26>>5#74:13>>8#82:2>>25}={27,13,14,32,19,10,8,15,6,9,33#62:9>>29#72:33>>23#82:6>>11#82:19>>22}
4:11={19_4:0#true-m11-s30-a11#true-m15-s30-a22#true-m46-s11-a10#true-m57-s10-a30^#true-m42-ytrue-sfalse-p13#false-m78-ytrue-sfalse-p19#false-m83-ytrue-sfalse-p5}={1,3,23,4,22,8,13,10,7,11,30#65:7>>14#75:22>>39#75:8>>18#84:23>>5#84:30>>9}={22,23,13,6,31,11,17,19,8,16,21#58:16>>15#58:31>>5#68:11>>44#68:8>>24#78:21>>7}
10:17={9_0:3#false-m12-s26-a11#false-m45-s17-a26#false-m72-s26-a17^#true-m34-ytrue-sfalse-p28#true-m44-ytrue-sfalse-p17#false-m53-ytrue-sfalse-p11#false-m63-ytrue-sfalse-p2#true-m90+3-ytrue-sfalse-p27#false-m90+5-ytrue-sfalse-p18}={1,28,30,17,3,42,8,32,6,20,18#46:18>>7#64:17>>23#64:6>>9#74:20>>38#80:8>>27}={22,3,2,8,23,5,16,7,17,11,26#46:16>>24#77:11>>18#77:2>>25#83:26>>19#90:17>>10}
12:2={12_2:2#true-m20-s23-a9#false-m32-s8-a#true-m68-s9-a23#false-m90+7-s26-a7^#false-m24-ytrue-sfalse-p16#true-m45+1-ytrue-sfalse-p3#true-m55-ytrue-sfalse-p27#false-m63-ytrue-strue-p16#true-m79-ytrue-sfalse-p9#true-m90+2-ytrue-sfalse-p6#true-m90+4-ytrue-sfalse-p4}={1,3,2,4,5,27,16,32,9,11,23#65:11>>20#80:32>>6#86:9>>17#86:27>>8}={33,24,7,29,4,16,8,32,6,9,18#57:8>>26#71:9>>10#71:32>>27#86:18>>11#86:4>>15}
13:8={8_0:2#false-m15-s18-a19#false-m86-s3-a21^#true-m6-ytrue-sfalse-p25#true-m29-ytrue-strue-p25#false-m48-ytrue-sfalse-p23#true-m49-ytrue-sfalse-p3#false-m49-ytrue-sfalse-p6#false-m56-ytrue-sfalse-p5#true-m61-ytrue-sfalse-p31#false-m77-ytrue-sfalse-p18#false-m80-yfalse-sfalse-p39}={27,19,25,3,2,6,30,14,31,7,29#32:14>>16#61:19>>11#75:30>>4#75:7>>44#75:31>>8}={1,2,19,5,6,23,39,3,10,29,18#56:29>>14#70:23>>20#70:10>>21#89:18>>33}
14:15={17_1:0#true-m90+6-s31-a25^#false-m55-ytrue-sfalse-p14#true-m67-ytrue-sfalse-p7#true-m69-ytrue-sfalse-p29#true-m81-ytrue-sfalse-p14}={33,30,3,20,29,19,16,7,8,11,14#72:7>>25#76:16>>27#76:19>>31#90+7:14>>5}={1,5,4,15,2,19,11,8,13,16,17#46:15>>14#62:11>>7#72:16>>20#79:19>>28#79:17>>21}
3:1={25_1:1#false-m31-s8-a34#true-m39-s45-a^#true-m23-ytrue-sfalse-p2#false-m32-ytrue-sfalse-p8#false-m57-ytrue-sfalse-p10#false-m71-ytrue-sfalse-p20}={1,19,22,3,2,6,42,17,45,7,9#65:7>>11#78:17>>10#78:22>>27#86:9>>25}={1,30,20,3,4,12,8,10,34,22,11#58:11>>21#78:22>>19#90+1:10>>25#90+1:20>>44}
18:6={21_2:4#false-m25-s7-a35#true-m30-s18-a10-p#false-m47-s9-a7#true-m50-s18-a#false-m65-s7-a#false-m74-s35-a7^#false-m35-ytrue-sfalse-p5#true-m51-ytrue-sfalse-p8#false-m70-ytrue-sfalse-p4#false-m80-ytrue-sfalse-p16}={1,17,14,5,23,37,10,24,8,18,9#60:37>>22#67:8>>7#78:18>>20#78:5>>27}={40,5,4,13,3,35,8,26,16,7,9#46:5>>18#68:26>>20#68:9>>27#83:8>>36#86:16>>15}
7:9={16_3:4#true-m5-s21-a10#true-m8-s21-a17#true-m12-s23-a#false-m21-s22-a4#false-m26-s6-a7#false-m39-s6-a27#false-m49-s6-a8^#true-m10-ytrue-sfalse-p17#true-m18-yfalse-sfalse-p34#false-m22-ytrue-sfalse-p19#false-m73-ytrue-sfalse-p6#true-m78-ytrue-sfalse-p16#true-m90+3-ytrue-sfalse-p4#false-m90+4-ytrue-sfalse-p42}={1,25,3,34,7,11,22,17,10,21,23#27:10>>4#46:11>>16#46:22>>15#69:21>>33#76:3>>29}={1,27,3,19,22,4,8,14,20,6,7#58:4>>5#76:14>>28#76:19>>2#76:20>>42#88:7>>17}
11:14={2_2:1#true-m38-s31-a#true-m65-s20-a#false-m72-s11-a7^#false-m59-ytrue-sfalse-p8#true-m73-ytrue-sfalse-p8#false-m84-ytrue-sfalse-p28#false-m87-ytrue-sfalse-p20#false-m90+5-ytrue-sfalse-p25#true-m90+5-ytrue-sfalse-p23}={22,23,13,6,31,11,17,19,8,15,21#57:11>>44#57:15>>20#68:31>>5#85:8>>24}={33,30,3,20,29,16,7,8,31,11,14#46:30>>5#64:16>>27#64:31>>25#76:29>>22#81:14>>28}
1:18={10_2:2#true-m4-s22-a25#true-m8-s7-a25#false-m45+5-s14-a10#false-m69-s20-a37-p^#false-m60-ytrue-sfalse-p24#true-m68-ytrue-sfalse-p30#false-m90+1-ytrue-sfalse-p1#true-m90+6-ytrue-sfalse-p4}={1,30,20,4,12,8,7,25,10,34,22#60:7>>11#70:8>>3#70:25>>24#70:22>>14#77:30>>21}={1,17,4,14,37,10,6,24,8,7,18#46:18>>20#46:7>>9#71:37>>15#86:8>>3#86:10>>22}
9:10={23_0:1#false-m75-s42-a32^#false-m36-ytrue-sfalse-p8#true-m90+4-ytrue-sfalse-p22}={1,27,32,3,19,22,8,28,20,6,7#57:28>>10#79:27>>17#79:19>>2#86:6>>42#86:3>>15}={1,28,30,17,3,42,8,32,6,20,18#66:17>>37#66:18>>23#77:32>>27#83:30>>9#83:6>>33}
15:5={16_2:1#true-m26-s2-a16-p#true-m45-s7-a4#false-m62-s26-a10^#true-m15-ytrue-sfalse-p2#false-m17-ytrue-sfalse-p4#true-m41-ytrue-sfalse-p11#false-m83-ytrue-sfalse-p20#true-m84-ytrue-sfalse-p15#true-m89-ytrue-sfalse-p28#false-m90+4-ytrue-sfalse-p3#false-m90+6-ytrue-sfalse-p5}={1,5,4,15,28,2,11,36,8,16,7#60:2>>14#67:11>>13#67:36>>21#67:7>>17#77:16>>19}={1,3,2,26,4,10,23,13,14,43,9#63:13>>8#63:43>>21#76:23>>20#86:26>>5}
16:12={5_1:3#false-m21-s11-a9#false-m37-s23-a9#true-m72-s9-a29#false-m88-s23-a^#false-m38-ytrue-sfalse-p23#true-m38-ytrue-sfalse-p13#false-m56-ytrue-sfalse-p9}={27,13,20,32,19,10,8,15,6,9,33#60:10>>7#60:8>>29#88:20>>22#88:9>>23}={1,20,3,4,18,27,16,6,9,11,23#73:20>>2#73:11>>39#79:6>>8#79:16>>31#90+4:9>>21}
17:13={7_0:3#false-m5-s29-a2#false-m16-s11-a18#false-m62-s29-a18^#false-m20-ytrue-sfalse-p11#false-m79-ytrue-sfalse-p3#false-m88-ytrue-sfalse-p31}={22,3,2,8,23,5,7,39,17,11,26#63:39>>29#63:17>>10#83:23>>21#83:11>>18#90:26>>19}={27,19,3,5,2,6,18,31,7,29,11#65:11>>8#83:18>>14#90+1:29>>44}
8:4={20_0:1#false-m59-s11-a7^#true-m18-ytrue-sfalse-p19#false-m72-ytrue-sfalse-p10#true-m85-ytrue-sfalse-p9#false-m90+2-ytrue-sfalse-p16}={1,2,19,5,6,23,33,3,10,29,18#67:33>>31#67:23>>21#67:29>>8#83:10>>14#83:18>>9}={1,16,23,4,22,8,10,18,7,11,30#69:18>>3#69:22>>13#76:30>>9#76:10>>14#83:8>>39}
6:3={3_3:3#false-m15-s3-a25#true-m22-s7-a36#true-m35-s11-a7#false-m38-s2-a17#false-m53-s17-a9#true-m90+4-s7-a26^#false-m43-ytrue-sfalse-p25#true-m90+5-ytrue-sfalse-p7}={40,4,13,3,35,8,16,15,11,36,7#46:15>>18#66:11>>26#75:36>>19#75:16>>27#80:8>>20}={1,19,22,3,2,6,17,45,7,9,25#66:7>>11#72:9>>39#90:2>>15#90:45>>16#90:17>>27}
2:7={14_1:1#false-m44-s15-a27#true-m90+9-s9-a^#true-m26-ytrue-sfalse-p7#false-m45+3-ytrue-sfalse-p7#false-m55-ytrue-sfalse-p11#false-m66-ytrue-sfalse-p27#false-m71-ytrue-sfalse-p35}={33,24,45,7,29,16,8,6,18,10,26#46:16>>27#46:29>>4#62:10>>9#73:8>>32#73:18>>11}={1,25,4,15,7,11,22,16,21,23,27#15:4>>35#62:7>>17#62:23>>33#73:27>>26#73:21>>19}
5:17={13_2:1#true-m43-s5-a13#false-m78-s8-a18#true-m83-s9-a43^#false-m41-ytrue-sfalse-p8#true-m75-ytrue-sfalse-p43#true-m77-ytrue-sfalse-p10}={1,3,5,26,4,10,23,13,20,9,21#46:13>>43#69:23>>8#76:21>>14#90+5:10>>38}={22,3,2,8,23,5,7,39,17,11,29#69:29>>18#82:2>>25#88:11>>19#88:17>>10}
1:6={4_2:1#false-m16-s7-a7-p#true-m25-s8-a11#true-m72-s22-a10^#false-m28-ytrue-sfalse-p35#true-m67-ytrue-sfalse-p20#true-m70-ytrue-sfalse-p3}={1,30,20,3,4,12,8,34,21,22,11#64:11>>10#64:21>>24#80:22>>14#80:30>>19}={1,4,13,29,3,35,26,27,16,11,7#71:26>>8#71:27>>19#79:16>>18#79:35>>15#82:29>>20}
7:16={22_3:1#true-m11-s27-a#true-m64-s21-a7#false-m76-s2-a7#true-m90+3-s26-a29^#false-m55-ytrue-sfalse-p4#true-m82-ytrue-sfalse-p21}={1,25,35,15,7,11,22,16,21,23,27#72:22>>29#72:11>>17#80:35>>4#80:23>>26#90+2:27>>18}={27,4,20,32,10,8,23,24,15,29,33#46:10>>6#46:24>>11#46:23>>7#66:15>>2#77:29>>21}
10:11={6_3:1#true-m34-s32-a18#true-m37-s3-a32#true-m45+1-s30-a42#false-m65-s21-a20^#true-m24-ytrue-sfalse-p3#false-m89-ytrue-sfalse-p36}={1,28,30,17,3,42,8,32,6,20,18#65:18>>23#65:20>>38#76:32>>27#76:42>>37#87:30>>33}={22,23,13,6,5,11,17,19,8,9,21#46:11>>20#46:17>>44#56:9>>10#78:8>>36#85:19>>15}
13:4={25_0:2#false-m20-s10-a8#false-m37-s4-a11^#false-m53-ytrue-sfalse-p8#false-m60-ytrue-sfalse-p18#false-m89-ytrue-sfalse-p6#true-m90+1-ytrue-sfalse-p8}={27,19,21,3,5,2,6,18,7,29,11#59:11>>8#74:7>>44#87:5>>30#87:19>>17}={1,3,16,23,4,8,10,18,7,11,30#56:8>>44#74:18>>6#74:30>>39#74:7>>14#84:11>>9}
14:8={19_3:2#false-m12-s8-a3#true-m22-s3-a14#true-m62-s11-a14#true-m75-s11-a14-p#false-m80-s18-a-p^#true-m31-ytrue-sfalse-p25#false-m39-ytrue-sfalse-p3#true-m53-ytrue-sfalse-p11#false-m71-ytrue-sfalse-p5#false-m83-ytrue-sfalse-p20#true-m88-ytrue-sfalse-p8}={33,5,3,22,29,25,9,27,8,11,14#81:9>>31#81:25>>7#85:27>>16#90:29>>2#90:14>>10}={1,2,19,5,6,21,33,3,10,18,8#59:21>>31#68:8>>17#68:10>>29#81:2>>9#81:5>>20}
3:2={21_4:0#true-m57-s9-a6#true-m60-s9-a25#true-m80-s9-a16#true-m89-s11-a25^#false-m53-ytrue-sfalse-p26#false-m69-ytrue-sfalse-p18}={1,19,22,3,2,6,17,45,7,9,25#8:45>>16#68:22>>27#68:7>>11#68:17>>10#82:2>>8}={33,24,3,29,4,16,32,6,9,18,26#66:9>>8#66:3>>7#74:18>>11#74:26>>10#86:4>>45}
18:15={9_0:2#false-m18-s36-a15#false-m89-s15-a20^#true-m66-ytrue-sfalse-p3#false-m73-ytrue-sfalse-p1#true-m79-ytrue-sfalse-p22}={1,17,4,3,37,6,24,8,22,11,9#34:11>>7#46:24>>18#68:4>>27#79:8>>15#79:37>>20}={1,5,4,15,28,2,36,8,21,16,7#27:21>>11#75:16>>17#75:7>>20#87:17>>24#87:36>>19}
12:9={17_2:4#true-m19-s11-a18#false-m45+5-s8-a7#false-m51-s27-a17#false-m67-s7-a8#false-m72-s17-a7#true-m79-s21-a^#true-m42-ytrue-sfalse-p27#true-m68-yfalse-sfalse-p39#false-m87-ytrue-sfalse-p2}={1,20,3,4,18,27,16,8,9,11,23#42:27>>31#65:4>>39#65:20>>2#78:23>>21}={1,27,32,3,22,8,10,14,20,7,17#23:3>>5#84:27>>19#84:22>>2#84:17>>42#90+5:7>>15}
13:14
2:18
4:10
11:5
17:12
9:1
16:3
15:6
8:7
1:2
3:15
6:16
7:17
12:11
18:8
5:4
10:13
14:9
15:10
9:18
13:5
16:1
17:3
4:14
11:7
2:6
8:12
3:11
1:8
2:16
5:10
7:4
12:15
6:9
18:13
14:17
17:18
4:12
9:2
10:14
11:16
15:1
5:3
13:7
8:6
1:17
2:15
3:8
6:11
7:10
12:13
14:5
16:9
18:4
4:6
5:7
8:2
10:12
11:1
13:3
14:18
15:16
17:9
1:10
2:17
3:4
6:13
7:14
9:15
12:5
16:8
18:11
4:9
5:1
7:12
8:15
10:18
11:2
13:16
14:3
17:6
1:13
2:4
3:7
6:10
9:8
12:14
15:11
16:17
18:5
1:14
2:10
3:12
6:5
8:17
9:11
15:13
16:4
18:7
4:1
5:9
7:6
10:3
11:8
12:18
13:2
14:16
17:15
1:7
2:14
3:18
6:12
8:5
9:13
15:4
16:10
17:11
3:9
4:17
5:2
7:15
10:8
12:1
13:11
14:6
18:16
1:3
2:12
6:18
8:13
9:7
11:4
15:14
16:5
17:10
3:6
4:8
5:15
7:2
10:9
12:16
13:17
14:11
18:1
2:3
4:13
6:1
8:14
9:12
11:10
15:18
16:7
17:5
1:9
3:16
5:11
6:15
7:8
10:4
12:17
14:13
18:2
2:1
4:5
8:18
9:14
11:12
13:10
15:3
16:6
17:7
1:16
3:17
5:13
6:2
7:11
10:15
12:8
14:4
18:9
4:7
8:1
9:6
10:5
11:3
13:18
15:12
16:2
17:14
1:15
2:9
3:5
6:8
7:13
12:4
14:10
16:11
18:17
4:18
5:14
8:3
9:16
10:7
11:6
13:12
15:2
17:1
1:11
2:8
3:13
6:4
7:5
9:17
12:10
16:15
18:14
4:3
5:12
8:16
10:1
11:18
13:6
14:7
15:9
17:2
1:5
2:11
3:14
6:17
9:4
12:7
15:8
16:13
18:10
4:2
5:18
7:3
8:9
10:6
11:15
13:1
14:12
17:16
